0	0.0
2	0.0
3	0.08333333333333333
4	0.3888888888888889
5	0.08333333333333333
6	0.3333333333333333
7	0.3888888888888889
8	0.0
9	0.05555555555555555
10	0.0
11	0.27777777777777773
12	0.16666666666666666
15	0.08333333333333333
16	0.3333333333333333
17	0.3333333333333333
18	0.0
19	0.2916666666666667
20	0.08333333333333333
21	0.0
22	0.08333333333333333
23	0.0
24	0.3333333333333333
25	0.05555555555555555
26	0.05555555555555555
27	0.08333333333333333
28	0.4444444444444444
29	0.2916666666666667
30	0.3333333333333333
31	0.0
32	0.05555555555555555
33	0.16666666666666666
34	0.0
36	0.1111111111111111
37	0.1111111111111111
38	0.23333333333333334
40	0.0
41	0.0
42	0.16666666666666666
43	0.3333333333333333
44	0.08333333333333333
45	0.0
46	0.08333333333333333
47	0.3333333333333333
48	0.0
49	0.08333333333333333
50	0.08333333333333333
53	0.0
54	0.08333333333333333
55	0.3333333333333333
56	0.0
57	0.08333333333333333
58	0.0
60	0.0
62	0.0
63	0.0
64	0.3333333333333333
65	0.05555555555555555
66	0.1111111111111111
67	0.08333333333333333
68	0.3888888888888889
69	0.3333333333333333
71	0.0
72	0.08333333333333333
73	0.0
74	0.0
75	0.3333333333333333
76	0.0
77	0.3333333333333333
78	0.0
79	0.0
80	0.08333333333333333
81	0.08333333333333333
82	0.08333333333333333
83	0.0
84	0.0
85	0.1111111111111111
86	0.0
87	0.0
89	0.3888888888888889
91	0.16666666666666666
92	0.05555555555555555
93	0.1111111111111111
94	0.16666666666666666
95	0.0
96	0.0
97	0.0
98	0.1111111111111111
99	0.0
100	0.08333333333333333
103	0.16666666666666666
104	0.1111111111111111
105	0.16666666666666666
106	0.16666666666666666
107	0.3333333333333333
108	0.08333333333333333
109	0.08333333333333333
110	0.05555555555555555
111	0.3333333333333333
112	0.08333333333333333
113	0.1111111111111111
114	0.0
115	0.1111111111111111
116	0.0
117	0.08333333333333333
118	0.05555555555555555
119	0.0
120	0.0
121	0.4444444444444444
122	0.08333333333333333
123	0.08333333333333333
124	0.08333333333333333
127	0.0
129	0.0
130	0.05555555555555555
131	0.3333333333333333
133	0.08333333333333333
134	0.05555555555555555
136	0.16666666666666666
137	0.25
138	0.08333333333333333
139	0.0
140	0.041666666666666664
141	0.0
142	0.3888888888888889
143	0.16666666666666666
146	0.1111111111111111
148	0.08333333333333333
149	0.0
150	0.16666666666666666
151	0.0
152	0.3333333333333333
153	0.0
154	0.16666666666666666
156	0.125
157	0.16666666666666666
159	0.08333333333333333
160	0.08333333333333333
161	0.3333333333333333
162	0.05555555555555555
163	0.08333333333333333
164	0.3888888888888889
165	0.08333333333333333
167	0.0
168	0.3333333333333333
169	0.05555555555555555
170	0.08333333333333333
171	0.0
172	0.08333333333333333
173	0.1111111111111111
174	0.1111111111111111
175	0.08333333333333333
177	0.3333333333333333
180	0.0
181	0.16666666666666666
183	0.08333333333333333
184	0.3888888888888889
185	0.0
186	0.25
187	0.0
189	0.05555555555555555
192	0.25
193	0.041666666666666664
194	0.08333333333333333
195	0.16666666666666666
196	0.0
197	0.3888888888888889
198	0.16666666666666666
199	0.05555555555555555
200	0.1111111111111111
201	0.08333333333333333
202	0.08333333333333333
203	0.16666666666666666
204	0.1111111111111111
205	0.16666666666666666
206	0.0
207	0.0
208	0.05555555555555555
210	0.0
211	0.08333333333333333
212	0.08333333333333333
213	0.0
214	0.08333333333333333
215	0.4444444444444444
218	0.08333333333333333
220	0.3888888888888889
223	0.0
225	0.1111111111111111
226	0.0
227	0.0
228	0.16666666666666666
229	0.4444444444444444
230	0.08333333333333333
231	0.0
232	0.08333333333333333
233	0.0
234	0.08333333333333333
235	0.16666666666666666
236	0.08333333333333333
237	0.3888888888888889
239	0.05555555555555555
240	0.08333333333333333
242	0.08333333333333333
243	0.16666666666666666
244	0.3333333333333333
245	0.0
246	0.041666666666666664
247	0.16666666666666666
248	0.08333333333333333
249	0.08333333333333333
250	0.08333333333333333
251	0.08333333333333333
252	0.0
253	0.0
254	0.0
255	0.2
256	0.08333333333333333
257	0.3333333333333333
258	0.0
260	0.0
261	0.08333333333333333
262	0.16666666666666666
263	0.0
264	0.08333333333333333
265	0.05555555555555555
266	0.0
267	0.0
268	0.08333333333333333
269	0.4444444444444444
270	0.3333333333333333
271	0.08333333333333333
272	0.08333333333333333
274	0.0
275	0.0
276	0.08333333333333333
277	0.0
278	0.0
279	0.3888888888888889
280	0.08333333333333333
282	0.1111111111111111
283	0.08333333333333333
284	0.0
286	0.05555555555555555
287	0.16666666666666666
288	0.08333333333333333
289	0.3333333333333333
291	0.16666666666666666
293	0.3888888888888889
294	0.08333333333333333
295	0.0
296	0.0
297	0.16666666666666666
298	0.0
300	0.08333333333333333
