1	0.0
3	0.16666666666666666
4	0.16666666666666666
5	0.16666666666666666
6	0.08333333333333333
7	0.0
8	0.0
9	0.16666666666666666
10	0.5
11	0.4444444444444444
12	0.0
13	0.3333333333333333
14	0.0
15	0.16666666666666666
16	0.16666666666666666
17	0.5
18	0.0
19	0.4444444444444444
20	0.08333333333333333
23	0.5
24	0.16666666666666666
25	0.5
26	0.16666666666666666
27	0.16666666666666666
28	0.16666666666666666
29	0.0
30	0.0
31	0.5
32	0.4444444444444444
34	0.0
36	0.3333333333333333
37	0.2916666666666667
38	0.0
39	0.0
40	0.0
41	0.16666666666666666
42	0.16666666666666666
43	0.0
44	0.16666666666666666
45	0.0
46	0.0
47	0.0
48	0.0
49	0.0
50	0.16666666666666666
53	0.0
55	0.5
56	0.08333333333333333
58	0.0
59	0.16666666666666666
62	0.3333333333333333
63	0.5
64	0.08333333333333333
65	0.5833333333333334
66	0.5
67	0.5
68	0.3333333333333333
69	0.08333333333333333
70	0.16666666666666666
73	0.05555555555555555
74	0.0
75	0.0
76	0.0
77	0.1111111111111111
78	0.0
79	0.5833333333333334
80	0.0
81	0.16666666666666666
82	0.0
83	0.5
85	0.0
86	0.08333333333333333
89	0.3333333333333333
91	0.05555555555555555
92	0.3333333333333333
93	0.08333333333333333
94	0.3333333333333333
95	0.0
96	0.0
97	0.08333333333333333
98	0.5833333333333334
100	0.25
102	0.3333333333333333
103	0.5
104	0.16666666666666666
105	0.3333333333333333
106	0.1111111111111111
107	0.16666666666666666
110	0.08333333333333333
111	0.0
112	0.5
113	0.16666666666666666
115	0.3333333333333333
118	0.0
119	0.0
120	0.0
121	0.5833333333333334
122	0.0
123	0.08333333333333333
124	0.16666666666666666
125	0.0
126	0.16666666666666666
127	0.0
128	0.16666666666666666
129	0.0
130	0.08333333333333333
131	0.16666666666666666
134	0.16666666666666666
135	0.0
137	0.3888888888888889
138	0.3333333333333333
139	0.16666666666666666
140	0.0
141	0.16666666666666666
142	0.5
143	0.16666666666666666
144	0.3333333333333333
146	0.16666666666666666
148	0.5
150	0.16666666666666666
151	0.0
152	0.25
153	0.08333333333333333
154	0.3333333333333333
155	0.3333333333333333
156	0.0
157	0.16666666666666666
159	0.16666666666666666
160	0.3333333333333333
161	0.16666666666666666
162	0.3333333333333333
163	0.16666666666666666
164	0.5833333333333334
165	0.5
166	0.16666666666666666
167	0.5
168	0.25
169	0.0
170	0.08333333333333333
171	0.0
172	0.16666666666666666
173	0.3333333333333333
174	0.5
175	0.16666666666666666
176	0.08333333333333333
177	0.5
178	0.3333333333333333
179	0.16666666666666666
180	0.0
181	0.16666666666666666
182	0.25
183	0.16666666666666666
184	0.0
185	0.16666666666666666
186	0.0
187	0.08333333333333333
188	0.16666666666666666
189	0.3333333333333333
191	0.5
192	0.0
193	0.3333333333333333
194	0.5
197	0.0
198	0.0
199	0.0
200	0.0
201	0.0
203	0.08333333333333333
204	0.3333333333333333
205	0.0
206	0.3333333333333333
207	0.5833333333333334
208	0.5
209	0.3333333333333333
210	0.3333333333333333
212	0.08333333333333333
213	0.0
214	0.16666666666666666
215	0.5833333333333334
217	0.16666666666666666
218	0.16666666666666666
220	0.08333333333333333
221	0.16666666666666666
223	0.0
225	0.5
227	0.16666666666666666
228	0.3333333333333333
229	0.5
230	0.0
231	0.3333333333333333
232	0.16666666666666666
233	0.5833333333333334
234	0.16666666666666666
235	0.16666666666666666
236	0.16666666666666666
237	0.5
238	0.16666666666666666
239	0.5833333333333334
241	0.16666666666666666
243	0.16666666666666666
244	0.5833333333333334
245	0.16666666666666666
246	0.4583333333333333
247	0.3333333333333333
248	0.0
250	0.3333333333333333
251	0.16666666666666666
252	0.0
253	0.0
254	0.5
255	0.0
256	0.3333333333333333
257	0.0
258	0.5833333333333334
259	0.0
260	0.0
261	0.2222222222222222
262	0.3333333333333333
265	0.5833333333333334
266	0.3888888888888889
267	0.5
269	0.08333333333333333
271	0.3333333333333333
272	0.16666666666666666
275	0.4444444444444444
276	0.16666666666666666
277	0.16666666666666666
278	0.3333333333333333
279	0.5833333333333334
280	0.08333333333333333
282	0.16666666666666666
284	0.08333333333333333
285	0.16666666666666666
286	0.5
287	0.3333333333333333
288	0.0
289	0.08333333333333333
290	0.3333333333333333
291	0.0
292	0.16666666666666666
293	0.5833333333333334
295	0.0
296	0.0
297	0.16666666666666666
298	0.0
299	0.0
300	0.0
