((0,173,Set(NodeObject(202,0,8,1,75,0,6,16,0.5374626921506088), NodeObject(275,1,2,1,91,0,4,3,0.8136429855489183), NodeObject(10,0,9,1,7,2,4,15,0.1180881744104385), NodeObject(102,1,4,1,70,0,6,18,0.23952862361111948))),(1,217,Set(NodeObject(9,5,5,1,28,2,4,8,0.712517344928183))))
((0,173,Set(NodeObject(202,0,8,1,75,0,6,16,0.5374626921506088), NodeObject(275,1,2,1,91,0,4,3,0.8136429855489183), NodeObject(10,0,9,1,7,2,4,15,0.1180881744104385), NodeObject(102,1,4,1,70,0,6,18,0.23952862361111948))),(1,224,Set(NodeObject(56,0,5,1,12,2,0,18,0.4190514618435208))))
((0,173,Set(NodeObject(202,0,8,1,75,0,6,16,0.5374626921506088), NodeObject(275,1,2,1,91,0,4,3,0.8136429855489183), NodeObject(10,0,9,1,7,2,4,15,0.1180881744104385), NodeObject(102,1,4,1,70,0,6,18,0.23952862361111948))),(1,286,Set(NodeObject(12,3,8,1,71,0,5,4,0.622351482070857))))
((0,173,Set(NodeObject(202,0,8,1,75,0,6,16,0.5374626921506088), NodeObject(275,1,2,1,91,0,4,3,0.8136429855489183), NodeObject(10,0,9,1,7,2,4,15,0.1180881744104385), NodeObject(102,1,4,1,70,0,6,18,0.23952862361111948))),(1,28,Set(NodeObject(8,0,7,1,54,1,4,18,0.14269710794646118), NodeObject(60,2,15,1,78,3,4,1,0.8160506570039586))))
((0,173,Set(NodeObject(202,0,8,1,75,0,6,16,0.5374626921506088), NodeObject(275,1,2,1,91,0,4,3,0.8136429855489183), NodeObject(10,0,9,1,7,2,4,15,0.1180881744104385), NodeObject(102,1,4,1,70,0,6,18,0.23952862361111948))),(1,218,Set(NodeObject(130,3,4,1,6,0,5,1,0.7214623539992844), NodeObject(141,5,1,1,22,3,2,10,0.3383233214228697))))
((0,173,Set(NodeObject(202,0,8,1,75,0,6,16,0.5374626921506088), NodeObject(275,1,2,1,91,0,4,3,0.8136429855489183), NodeObject(10,0,9,1,7,2,4,15,0.1180881744104385), NodeObject(102,1,4,1,70,0,6,18,0.23952862361111948))),(1,177,Set(NodeObject(51,0,14,1,95,3,4,15,0.34125637778973505), NodeObject(7,3,11,1,50,3,3,1,0.45139704251563917))))
((0,173,Set(NodeObject(202,0,8,1,75,0,6,16,0.5374626921506088), NodeObject(275,1,2,1,91,0,4,3,0.8136429855489183), NodeObject(10,0,9,1,7,2,4,15,0.1180881744104385), NodeObject(102,1,4,1,70,0,6,18,0.23952862361111948))),(1,306,Set(NodeObject(45,4,12,1,44,3,5,19,0.6350901989511605))))
((0,173,Set(NodeObject(202,0,8,1,75,0,6,16,0.5374626921506088), NodeObject(275,1,2,1,91,0,4,3,0.8136429855489183), NodeObject(10,0,9,1,7,2,4,15,0.1180881744104385), NodeObject(102,1,4,1,70,0,6,18,0.23952862361111948))),(1,132,Set(NodeObject(38,1,16,1,49,2,2,7,0.3934520377650603))))
((0,173,Set(NodeObject(202,0,8,1,75,0,6,16,0.5374626921506088), NodeObject(275,1,2,1,91,0,4,3,0.8136429855489183), NodeObject(10,0,9,1,7,2,4,15,0.1180881744104385), NodeObject(102,1,4,1,70,0,6,18,0.23952862361111948))),(1,160,Set(NodeObject(175,0,0,1,94,2,6,0,0.7355745706911496), NodeObject(97,6,12,1,41,3,0,19,0.39699196785865276), NodeObject(42,2,19,1,45,3,1,10,0.8344630740927553))))
((0,173,Set(NodeObject(202,0,8,1,75,0,6,16,0.5374626921506088), NodeObject(275,1,2,1,91,0,4,3,0.8136429855489183), NodeObject(10,0,9,1,7,2,4,15,0.1180881744104385), NodeObject(102,1,4,1,70,0,6,18,0.23952862361111948))),(1,136,Set(NodeObject(103,0,12,1,72,1,6,19,0.9198975134450764))))
((0,173,Set(NodeObject(202,0,8,1,75,0,6,16,0.5374626921506088), NodeObject(275,1,2,1,91,0,4,3,0.8136429855489183), NodeObject(10,0,9,1,7,2,4,15,0.1180881744104385), NodeObject(102,1,4,1,70,0,6,18,0.23952862361111948))),(1,66,Set(NodeObject(216,3,11,1,50,2,4,8,0.9421049031096327), NodeObject(32,3,8,1,39,1,4,0,0.6555937261797709))))
((0,173,Set(NodeObject(202,0,8,1,75,0,6,16,0.5374626921506088), NodeObject(275,1,2,1,91,0,4,3,0.8136429855489183), NodeObject(10,0,9,1,7,2,4,15,0.1180881744104385), NodeObject(102,1,4,1,70,0,6,18,0.23952862361111948))),(1,114,Set(NodeObject(64,3,0,1,37,4,6,9,0.8240421761271907))))
((0,173,Set(NodeObject(202,0,8,1,75,0,6,16,0.5374626921506088), NodeObject(275,1,2,1,91,0,4,3,0.8136429855489183), NodeObject(10,0,9,1,7,2,4,15,0.1180881744104385), NodeObject(102,1,4,1,70,0,6,18,0.23952862361111948))),(1,241,Set(NodeObject(242,2,7,1,14,3,24,0,0.05536994330202394))))
((0,173,Set(NodeObject(202,0,8,1,75,0,6,16,0.5374626921506088), NodeObject(275,1,2,1,91,0,4,3,0.8136429855489183), NodeObject(10,0,9,1,7,2,4,15,0.1180881744104385), NodeObject(102,1,4,1,70,0,6,18,0.23952862361111948))),(1,143,Set(NodeObject(45,4,12,1,44,3,5,19,0.6350901989511605))))
((0,173,Set(NodeObject(202,0,8,1,75,0,6,16,0.5374626921506088), NodeObject(275,1,2,1,91,0,4,3,0.8136429855489183), NodeObject(10,0,9,1,7,2,4,15,0.1180881744104385), NodeObject(102,1,4,1,70,0,6,18,0.23952862361111948))),(1,308,Set(NodeObject(84,3,19,1,64,0,0,19,0.5949545791665255))))
((0,173,Set(NodeObject(202,0,8,1,75,0,6,16,0.5374626921506088), NodeObject(275,1,2,1,91,0,4,3,0.8136429855489183), NodeObject(10,0,9,1,7,2,4,15,0.1180881744104385), NodeObject(102,1,4,1,70,0,6,18,0.23952862361111948))),(1,262,Set(NodeObject(253,3,14,1,98,0,6,9,0.14029874829570255))))
((0,173,Set(NodeObject(202,0,8,1,75,0,6,16,0.5374626921506088), NodeObject(275,1,2,1,91,0,4,3,0.8136429855489183), NodeObject(10,0,9,1,7,2,4,15,0.1180881744104385), NodeObject(102,1,4,1,70,0,6,18,0.23952862361111948))),(1,193,Set(NodeObject(206,0,16,1,7,3,6,9,0.22739439182371268), NodeObject(10,0,9,1,7,2,4,15,0.1180881744104385), NodeObject(73,2,19,1,59,4,5,18,0.18039645210027477), NodeObject(209,2,11,1,71,2,0,11,0.07288482197290336))))
((0,173,Set(NodeObject(202,0,8,1,75,0,6,16,0.5374626921506088), NodeObject(275,1,2,1,91,0,4,3,0.8136429855489183), NodeObject(10,0,9,1,7,2,4,15,0.1180881744104385), NodeObject(102,1,4,1,70,0,6,18,0.23952862361111948))),(1,126,Set(NodeObject(188,1,9,1,43,0,3,10,0.5953262628923365))))
((0,173,Set(NodeObject(202,0,8,1,75,0,6,16,0.5374626921506088), NodeObject(275,1,2,1,91,0,4,3,0.8136429855489183), NodeObject(10,0,9,1,7,2,4,15,0.1180881744104385), NodeObject(102,1,4,1,70,0,6,18,0.23952862361111948))),(1,43,Set(NodeObject(141,5,1,1,22,3,2,10,0.3383233214228697), NodeObject(86,2,8,1,51,4,63,14,0.6759314882555222))))
((0,173,Set(NodeObject(202,0,8,1,75,0,6,16,0.5374626921506088), NodeObject(275,1,2,1,91,0,4,3,0.8136429855489183), NodeObject(10,0,9,1,7,2,4,15,0.1180881744104385), NodeObject(102,1,4,1,70,0,6,18,0.23952862361111948))),(1,287,Set(NodeObject(151,3,5,1,12,4,1,2,0.14394473032215738))))
((0,173,Set(NodeObject(202,0,8,1,75,0,6,16,0.5374626921506088), NodeObject(275,1,2,1,91,0,4,3,0.8136429855489183), NodeObject(10,0,9,1,7,2,4,15,0.1180881744104385), NodeObject(102,1,4,1,70,0,6,18,0.23952862361111948))),(1,24,Set(NodeObject(25,1,16,1,90,0,1,10,0.1194826707110691), NodeObject(126,5,17,1,96,4,3,3,0.8022872881405906))))
((0,173,Set(NodeObject(202,0,8,1,75,0,6,16,0.5374626921506088), NodeObject(275,1,2,1,91,0,4,3,0.8136429855489183), NodeObject(10,0,9,1,7,2,4,15,0.1180881744104385), NodeObject(102,1,4,1,70,0,6,18,0.23952862361111948))),(1,311,Set(NodeObject(215,4,17,1,82,3,4,19,0.9784497306397085))))
((0,173,Set(NodeObject(202,0,8,1,75,0,6,16,0.5374626921506088), NodeObject(275,1,2,1,91,0,4,3,0.8136429855489183), NodeObject(10,0,9,1,7,2,4,15,0.1180881744104385), NodeObject(102,1,4,1,70,0,6,18,0.23952862361111948))),(1,65,Set(NodeObject(86,2,8,1,51,4,63,14,0.6759314882555222), NodeObject(283,6,11,1,57,4,4,1,0.5654282558594093))))
((0,173,Set(NodeObject(202,0,8,1,75,0,6,16,0.5374626921506088), NodeObject(275,1,2,1,91,0,4,3,0.8136429855489183), NodeObject(10,0,9,1,7,2,4,15,0.1180881744104385), NodeObject(102,1,4,1,70,0,6,18,0.23952862361111948))),(1,122,Set(NodeObject(2,6,3,1,7,2,6,8,0.3428117057751371))))
((0,173,Set(NodeObject(202,0,8,1,75,0,6,16,0.5374626921506088), NodeObject(275,1,2,1,91,0,4,3,0.8136429855489183), NodeObject(10,0,9,1,7,2,4,15,0.1180881744104385), NodeObject(102,1,4,1,70,0,6,18,0.23952862361111948))),(1,91,Set(NodeObject(36,0,11,1,17,4,0,19,0.37586258253301874), NodeObject(212,6,0,1,62,3,3,19,0.7794249966890704), NodeObject(12,3,8,1,71,0,5,4,0.622351482070857))))
((0,173,Set(NodeObject(202,0,8,1,75,0,6,16,0.5374626921506088), NodeObject(275,1,2,1,91,0,4,3,0.8136429855489183), NodeObject(10,0,9,1,7,2,4,15,0.1180881744104385), NodeObject(102,1,4,1,70,0,6,18,0.23952862361111948))),(1,25,Set(NodeObject(237,0,12,1,67,4,0,5,0.9418556242876609), NodeObject(276,0,12,1,51,1,1,0,0.963745047556596))))
((0,173,Set(NodeObject(202,0,8,1,75,0,6,16,0.5374626921506088), NodeObject(275,1,2,1,91,0,4,3,0.8136429855489183), NodeObject(10,0,9,1,7,2,4,15,0.1180881744104385), NodeObject(102,1,4,1,70,0,6,18,0.23952862361111948))),(1,275,Set(NodeObject(166,3,10,1,70,2,1,7,0.7634851104433601), NodeObject(136,1,11,1,83,3,4,16,0.8938649159539533), NodeObject(91,2,15,1,62,1,0,0,0.1975574205869246))))
((0,173,Set(NodeObject(202,0,8,1,75,0,6,16,0.5374626921506088), NodeObject(275,1,2,1,91,0,4,3,0.8136429855489183), NodeObject(10,0,9,1,7,2,4,15,0.1180881744104385), NodeObject(102,1,4,1,70,0,6,18,0.23952862361111948))),(1,159,Set(NodeObject(21,2,14,1,34,2,5,1,0.9445028144032969))))
((0,173,Set(NodeObject(202,0,8,1,75,0,6,16,0.5374626921506088), NodeObject(275,1,2,1,91,0,4,3,0.8136429855489183), NodeObject(10,0,9,1,7,2,4,15,0.1180881744104385), NodeObject(102,1,4,1,70,0,6,18,0.23952862361111948))),(1,119,Set(NodeObject(264,5,7,1,19,2,4,3,0.612141909365066), NodeObject(64,3,0,1,37,4,6,9,0.8240421761271907), NodeObject(98,4,5,1,82,4,6,7,0.8599375454493634))))
((0,173,Set(NodeObject(202,0,8,1,75,0,6,16,0.5374626921506088), NodeObject(275,1,2,1,91,0,4,3,0.8136429855489183), NodeObject(10,0,9,1,7,2,4,15,0.1180881744104385), NodeObject(102,1,4,1,70,0,6,18,0.23952862361111948))),(1,195,Set()))
((0,173,Set(NodeObject(202,0,8,1,75,0,6,16,0.5374626921506088), NodeObject(275,1,2,1,91,0,4,3,0.8136429855489183), NodeObject(10,0,9,1,7,2,4,15,0.1180881744104385), NodeObject(102,1,4,1,70,0,6,18,0.23952862361111948))),(1,294,Set(NodeObject(166,3,10,1,70,2,1,7,0.7634851104433601))))
((0,173,Set(NodeObject(202,0,8,1,75,0,6,16,0.5374626921506088), NodeObject(275,1,2,1,91,0,4,3,0.8136429855489183), NodeObject(10,0,9,1,7,2,4,15,0.1180881744104385), NodeObject(102,1,4,1,70,0,6,18,0.23952862361111948))),(1,246,Set(NodeObject(112,4,10,1,17,3,0,3,0.2062621333610587), NodeObject(97,6,12,1,41,3,0,19,0.39699196785865276), NodeObject(139,0,18,1,62,4,1,4,0.8872594675278259), NodeObject(157,5,5,1,86,0,5,12,0.8951459146348227))))
((0,173,Set(NodeObject(202,0,8,1,75,0,6,16,0.5374626921506088), NodeObject(275,1,2,1,91,0,4,3,0.8136429855489183), NodeObject(10,0,9,1,7,2,4,15,0.1180881744104385), NodeObject(102,1,4,1,70,0,6,18,0.23952862361111948))),(1,110,Set(NodeObject(148,5,15,1,32,3,0,3,0.6369535283124794), NodeObject(8,0,7,1,54,1,4,18,0.14269710794646118), NodeObject(35,5,19,1,78,3,4,16,0.16432876881334857))))
((0,173,Set(NodeObject(202,0,8,1,75,0,6,16,0.5374626921506088), NodeObject(275,1,2,1,91,0,4,3,0.8136429855489183), NodeObject(10,0,9,1,7,2,4,15,0.1180881744104385), NodeObject(102,1,4,1,70,0,6,18,0.23952862361111948))),(1,288,Set(NodeObject(272,0,4,1,38,2,0,10,0.24028657113602458))))
((0,173,Set(NodeObject(202,0,8,1,75,0,6,16,0.5374626921506088), NodeObject(275,1,2,1,91,0,4,3,0.8136429855489183), NodeObject(10,0,9,1,7,2,4,15,0.1180881744104385), NodeObject(102,1,4,1,70,0,6,18,0.23952862361111948))),(1,155,Set()))
((0,173,Set(NodeObject(202,0,8,1,75,0,6,16,0.5374626921506088), NodeObject(275,1,2,1,91,0,4,3,0.8136429855489183), NodeObject(10,0,9,1,7,2,4,15,0.1180881744104385), NodeObject(102,1,4,1,70,0,6,18,0.23952862361111948))),(1,86,Set(NodeObject(133,4,8,1,59,4,4,6,0.6396876156766765), NodeObject(275,1,2,1,91,0,4,3,0.8136429855489183), NodeObject(283,6,11,1,57,4,4,1,0.5654282558594093))))
((0,173,Set(NodeObject(202,0,8,1,75,0,6,16,0.5374626921506088), NodeObject(275,1,2,1,91,0,4,3,0.8136429855489183), NodeObject(10,0,9,1,7,2,4,15,0.1180881744104385), NodeObject(102,1,4,1,70,0,6,18,0.23952862361111948))),(1,2,Set(NodeObject(0,0,10,1,45,2,1,4,0.9652635676061158))))
((0,173,Set(NodeObject(202,0,8,1,75,0,6,16,0.5374626921506088), NodeObject(275,1,2,1,91,0,4,3,0.8136429855489183), NodeObject(10,0,9,1,7,2,4,15,0.1180881744104385), NodeObject(102,1,4,1,70,0,6,18,0.23952862361111948))),(1,113,Set(NodeObject(38,1,16,1,49,2,2,7,0.3934520377650603), NodeObject(272,0,4,1,38,2,0,10,0.24028657113602458), NodeObject(200,1,9,1,0,2,0,18,0.18854902435847798), NodeObject(137,5,2,1,37,0,1,8,0.5435749213026885))))
((0,173,Set(NodeObject(202,0,8,1,75,0,6,16,0.5374626921506088), NodeObject(275,1,2,1,91,0,4,3,0.8136429855489183), NodeObject(10,0,9,1,7,2,4,15,0.1180881744104385), NodeObject(102,1,4,1,70,0,6,18,0.23952862361111948))),(1,125,Set(NodeObject(212,6,0,1,62,3,3,19,0.7794249966890704))))
((0,173,Set(NodeObject(202,0,8,1,75,0,6,16,0.5374626921506088), NodeObject(275,1,2,1,91,0,4,3,0.8136429855489183), NodeObject(10,0,9,1,7,2,4,15,0.1180881744104385), NodeObject(102,1,4,1,70,0,6,18,0.23952862361111948))),(1,70,Set(NodeObject(196,6,19,1,60,0,4,15,0.8087333137188104))))
((0,173,Set(NodeObject(202,0,8,1,75,0,6,16,0.5374626921506088), NodeObject(275,1,2,1,91,0,4,3,0.8136429855489183), NodeObject(10,0,9,1,7,2,4,15,0.1180881744104385), NodeObject(102,1,4,1,70,0,6,18,0.23952862361111948))),(1,201,Set(NodeObject(52,2,11,1,0,2,2,7,0.7567168277061059), NodeObject(297,6,7,1,48,3,5,16,0.5444279830474034), NodeObject(283,6,11,1,57,4,4,1,0.5654282558594093), NodeObject(234,5,4,1,94,4,5,13,0.43318750504007675))))
((0,173,Set(NodeObject(202,0,8,1,75,0,6,16,0.5374626921506088), NodeObject(275,1,2,1,91,0,4,3,0.8136429855489183), NodeObject(10,0,9,1,7,2,4,15,0.1180881744104385), NodeObject(102,1,4,1,70,0,6,18,0.23952862361111948))),(1,58,Set(NodeObject(67,4,10,1,58,0,5,12,0.20364191046587787))))
((0,173,Set(NodeObject(202,0,8,1,75,0,6,16,0.5374626921506088), NodeObject(275,1,2,1,91,0,4,3,0.8136429855489183), NodeObject(10,0,9,1,7,2,4,15,0.1180881744104385), NodeObject(102,1,4,1,70,0,6,18,0.23952862361111948))),(1,93,Set(NodeObject(265,6,15,1,36,3,6,16,0.0543107706052266), NodeObject(137,5,2,1,37,0,1,8,0.5435749213026885))))
((0,173,Set(NodeObject(202,0,8,1,75,0,6,16,0.5374626921506088), NodeObject(275,1,2,1,91,0,4,3,0.8136429855489183), NodeObject(10,0,9,1,7,2,4,15,0.1180881744104385), NodeObject(102,1,4,1,70,0,6,18,0.23952862361111948))),(1,292,Set(NodeObject(89,0,11,1,39,1,1,9,0.6442359221198528))))
((0,173,Set(NodeObject(202,0,8,1,75,0,6,16,0.5374626921506088), NodeObject(275,1,2,1,91,0,4,3,0.8136429855489183), NodeObject(10,0,9,1,7,2,4,15,0.1180881744104385), NodeObject(102,1,4,1,70,0,6,18,0.23952862361111948))),(1,23,Set(NodeObject(48,4,6,1,66,3,6,19,0.2333987438682762), NodeObject(237,0,12,1,67,4,0,5,0.9418556242876609))))
((0,173,Set(NodeObject(202,0,8,1,75,0,6,16,0.5374626921506088), NodeObject(275,1,2,1,91,0,4,3,0.8136429855489183), NodeObject(10,0,9,1,7,2,4,15,0.1180881744104385), NodeObject(102,1,4,1,70,0,6,18,0.23952862361111948))),(1,62,Set(NodeObject(121,4,6,1,27,0,0,12,0.510445119516055))))
((0,173,Set(NodeObject(202,0,8,1,75,0,6,16,0.5374626921506088), NodeObject(275,1,2,1,91,0,4,3,0.8136429855489183), NodeObject(10,0,9,1,7,2,4,15,0.1180881744104385), NodeObject(102,1,4,1,70,0,6,18,0.23952862361111948))),(1,244,Set(NodeObject(61,3,12,1,30,3,3,10,0.49087066243300226), NodeObject(80,6,12,1,1,3,4,6,0.18096565663995845), NodeObject(9,5,5,1,28,2,4,8,0.712517344928183))))
((0,173,Set(NodeObject(202,0,8,1,75,0,6,16,0.5374626921506088), NodeObject(275,1,2,1,91,0,4,3,0.8136429855489183), NodeObject(10,0,9,1,7,2,4,15,0.1180881744104385), NodeObject(102,1,4,1,70,0,6,18,0.23952862361111948))),(1,0,Set()))
((0,173,Set(NodeObject(202,0,8,1,75,0,6,16,0.5374626921506088), NodeObject(275,1,2,1,91,0,4,3,0.8136429855489183), NodeObject(10,0,9,1,7,2,4,15,0.1180881744104385), NodeObject(102,1,4,1,70,0,6,18,0.23952862361111948))),(1,313,Set(NodeObject(91,2,15,1,62,1,0,0,0.1975574205869246))))
((0,173,Set(NodeObject(202,0,8,1,75,0,6,16,0.5374626921506088), NodeObject(275,1,2,1,91,0,4,3,0.8136429855489183), NodeObject(10,0,9,1,7,2,4,15,0.1180881744104385), NodeObject(102,1,4,1,70,0,6,18,0.23952862361111948))),(1,42,Set(NodeObject(173,6,15,1,89,1,5,17,0.06803723984430288))))
((0,173,Set(NodeObject(202,0,8,1,75,0,6,16,0.5374626921506088), NodeObject(275,1,2,1,91,0,4,3,0.8136429855489183), NodeObject(10,0,9,1,7,2,4,15,0.1180881744104385), NodeObject(102,1,4,1,70,0,6,18,0.23952862361111948))),(1,14,Set(NodeObject(271,3,1,1,13,0,0,15,0.6396613363513571))))
((0,173,Set(NodeObject(202,0,8,1,75,0,6,16,0.5374626921506088), NodeObject(275,1,2,1,91,0,4,3,0.8136429855489183), NodeObject(10,0,9,1,7,2,4,15,0.1180881744104385), NodeObject(102,1,4,1,70,0,6,18,0.23952862361111948))),(1,181,Set(NodeObject(247,0,7,1,83,4,6,8,0.9971901361658659), NodeObject(186,5,9,1,34,0,5,3,0.2982863215600535))))
((0,173,Set(NodeObject(202,0,8,1,75,0,6,16,0.5374626921506088), NodeObject(275,1,2,1,91,0,4,3,0.8136429855489183), NodeObject(10,0,9,1,7,2,4,15,0.1180881744104385), NodeObject(102,1,4,1,70,0,6,18,0.23952862361111948))),(1,174,Set(NodeObject(144,3,18,1,51,4,6,17,0.8851103141047676), NodeObject(209,2,11,1,71,2,0,11,0.07288482197290336))))
((0,173,Set(NodeObject(202,0,8,1,75,0,6,16,0.5374626921506088), NodeObject(275,1,2,1,91,0,4,3,0.8136429855489183), NodeObject(10,0,9,1,7,2,4,15,0.1180881744104385), NodeObject(102,1,4,1,70,0,6,18,0.23952862361111948))),(1,216,Set(NodeObject(258,3,12,1,99,1,3,9,0.5513988771447328))))
((0,173,Set(NodeObject(202,0,8,1,75,0,6,16,0.5374626921506088), NodeObject(275,1,2,1,91,0,4,3,0.8136429855489183), NodeObject(10,0,9,1,7,2,4,15,0.1180881744104385), NodeObject(102,1,4,1,70,0,6,18,0.23952862361111948))),(1,203,Set(NodeObject(182,3,18,1,19,0,0,8,0.9812554382396235), NodeObject(66,4,12,1,26,4,4,18,0.6972051130081246), NodeObject(139,0,18,1,62,4,1,4,0.8872594675278259))))
((0,173,Set(NodeObject(202,0,8,1,75,0,6,16,0.5374626921506088), NodeObject(275,1,2,1,91,0,4,3,0.8136429855489183), NodeObject(10,0,9,1,7,2,4,15,0.1180881744104385), NodeObject(102,1,4,1,70,0,6,18,0.23952862361111948))),(1,69,Set(NodeObject(176,0,8,1,55,2,3,2,0.5548406393814161))))
((0,173,Set(NodeObject(202,0,8,1,75,0,6,16,0.5374626921506088), NodeObject(275,1,2,1,91,0,4,3,0.8136429855489183), NodeObject(10,0,9,1,7,2,4,15,0.1180881744104385), NodeObject(102,1,4,1,70,0,6,18,0.23952862361111948))),(1,260,Set(NodeObject(227,2,14,1,3,3,3,8,0.1222731194974066), NodeObject(139,0,18,1,62,4,1,4,0.8872594675278259))))
((0,173,Set(NodeObject(202,0,8,1,75,0,6,16,0.5374626921506088), NodeObject(275,1,2,1,91,0,4,3,0.8136429855489183), NodeObject(10,0,9,1,7,2,4,15,0.1180881744104385), NodeObject(102,1,4,1,70,0,6,18,0.23952862361111948))),(1,104,Set(NodeObject(61,3,12,1,30,3,3,10,0.49087066243300226), NodeObject(247,0,7,1,83,4,6,8,0.9971901361658659), NodeObject(242,2,7,1,14,3,24,0,0.05536994330202394), NodeObject(197,5,13,1,89,3,5,0,0.7495850031956046), NodeObject(117,2,18,1,3,1,3,15,0.6080424437636088))))
((0,173,Set(NodeObject(202,0,8,1,75,0,6,16,0.5374626921506088), NodeObject(275,1,2,1,91,0,4,3,0.8136429855489183), NodeObject(10,0,9,1,7,2,4,15,0.1180881744104385), NodeObject(102,1,4,1,70,0,6,18,0.23952862361111948))),(1,206,Set(NodeObject(237,0,12,1,67,4,0,5,0.9418556242876609), NodeObject(199,0,1,1,3,4,6,5,0.6648451812236946))))
((0,173,Set(NodeObject(202,0,8,1,75,0,6,16,0.5374626921506088), NodeObject(275,1,2,1,91,0,4,3,0.8136429855489183), NodeObject(10,0,9,1,7,2,4,15,0.1180881744104385), NodeObject(102,1,4,1,70,0,6,18,0.23952862361111948))),(1,15,Set(NodeObject(288,3,11,1,16,3,0,1,0.20690479873738865), NodeObject(158,0,9,1,15,3,1,18,0.6517704376276471), NodeObject(218,1,2,1,98,3,6,0,0.9551921644233462))))
((0,173,Set(NodeObject(202,0,8,1,75,0,6,16,0.5374626921506088), NodeObject(275,1,2,1,91,0,4,3,0.8136429855489183), NodeObject(10,0,9,1,7,2,4,15,0.1180881744104385), NodeObject(102,1,4,1,70,0,6,18,0.23952862361111948))),(1,227,Set(NodeObject(72,0,18,1,67,2,0,5,0.7108135629781689))))
((0,173,Set(NodeObject(202,0,8,1,75,0,6,16,0.5374626921506088), NodeObject(275,1,2,1,91,0,4,3,0.8136429855489183), NodeObject(10,0,9,1,7,2,4,15,0.1180881744104385), NodeObject(102,1,4,1,70,0,6,18,0.23952862361111948))),(1,38,Set(NodeObject(270,2,3,1,56,4,0,17,0.7027490741968846), NodeObject(39,1,13,1,93,0,0,9,0.055860053436300294), NodeObject(29,6,12,1,90,3,3,9,0.8913685595241124))))
((0,173,Set(NodeObject(202,0,8,1,75,0,6,16,0.5374626921506088), NodeObject(275,1,2,1,91,0,4,3,0.8136429855489183), NodeObject(10,0,9,1,7,2,4,15,0.1180881744104385), NodeObject(102,1,4,1,70,0,6,18,0.23952862361111948))),(1,135,Set(NodeObject(129,2,5,1,28,0,6,16,0.8854924741002957))))
((0,173,Set(NodeObject(202,0,8,1,75,0,6,16,0.5374626921506088), NodeObject(275,1,2,1,91,0,4,3,0.8136429855489183), NodeObject(10,0,9,1,7,2,4,15,0.1180881744104385), NodeObject(102,1,4,1,70,0,6,18,0.23952862361111948))),(1,303,Set(NodeObject(256,0,1,1,15,2,1,1,0.6188718639928813))))
((0,173,Set(NodeObject(202,0,8,1,75,0,6,16,0.5374626921506088), NodeObject(275,1,2,1,91,0,4,3,0.8136429855489183), NodeObject(10,0,9,1,7,2,4,15,0.1180881744104385), NodeObject(102,1,4,1,70,0,6,18,0.23952862361111948))),(1,278,Set(NodeObject(237,0,12,1,67,4,0,5,0.9418556242876609), NodeObject(211,5,12,1,81,0,5,9,0.024666488118950447))))
((0,173,Set(NodeObject(202,0,8,1,75,0,6,16,0.5374626921506088), NodeObject(275,1,2,1,91,0,4,3,0.8136429855489183), NodeObject(10,0,9,1,7,2,4,15,0.1180881744104385), NodeObject(102,1,4,1,70,0,6,18,0.23952862361111948))),(1,128,Set(NodeObject(61,3,12,1,30,3,3,10,0.49087066243300226))))
((0,173,Set(NodeObject(202,0,8,1,75,0,6,16,0.5374626921506088), NodeObject(275,1,2,1,91,0,4,3,0.8136429855489183), NodeObject(10,0,9,1,7,2,4,15,0.1180881744104385), NodeObject(102,1,4,1,70,0,6,18,0.23952862361111948))),(1,301,Set(NodeObject(283,6,11,1,57,4,4,1,0.5654282558594093))))
((0,173,Set(NodeObject(202,0,8,1,75,0,6,16,0.5374626921506088), NodeObject(275,1,2,1,91,0,4,3,0.8136429855489183), NodeObject(10,0,9,1,7,2,4,15,0.1180881744104385), NodeObject(102,1,4,1,70,0,6,18,0.23952862361111948))),(1,120,Set(NodeObject(254,4,10,1,87,2,6,8,0.367727195182906), NodeObject(178,4,17,1,98,1,6,7,0.48030370885711904))))
((0,173,Set(NodeObject(202,0,8,1,75,0,6,16,0.5374626921506088), NodeObject(275,1,2,1,91,0,4,3,0.8136429855489183), NodeObject(10,0,9,1,7,2,4,15,0.1180881744104385), NodeObject(102,1,4,1,70,0,6,18,0.23952862361111948))),(1,172,Set(NodeObject(288,3,11,1,16,3,0,1,0.20690479873738865), NodeObject(158,0,9,1,15,3,1,18,0.6517704376276471))))
((0,173,Set(NodeObject(202,0,8,1,75,0,6,16,0.5374626921506088), NodeObject(275,1,2,1,91,0,4,3,0.8136429855489183), NodeObject(10,0,9,1,7,2,4,15,0.1180881744104385), NodeObject(102,1,4,1,70,0,6,18,0.23952862361111948))),(1,255,Set(NodeObject(189,5,18,1,8,3,5,8,0.7565141650577041), NodeObject(240,5,19,1,54,2,5,18,0.8776017346359588), NodeObject(120,2,10,1,99,4,5,3,0.6433629506671606), NodeObject(210,0,12,1,96,4,2,12,0.09768187785497506))))
((0,173,Set(NodeObject(202,0,8,1,75,0,6,16,0.5374626921506088), NodeObject(275,1,2,1,91,0,4,3,0.8136429855489183), NodeObject(10,0,9,1,7,2,4,15,0.1180881744104385), NodeObject(102,1,4,1,70,0,6,18,0.23952862361111948))),(1,279,Set(NodeObject(288,3,11,1,16,3,0,1,0.20690479873738865), NodeObject(280,1,7,1,21,3,6,10,0.16202006706380923))))
((0,173,Set(NodeObject(202,0,8,1,75,0,6,16,0.5374626921506088), NodeObject(275,1,2,1,91,0,4,3,0.8136429855489183), NodeObject(10,0,9,1,7,2,4,15,0.1180881744104385), NodeObject(102,1,4,1,70,0,6,18,0.23952862361111948))),(1,50,Set(NodeObject(61,3,12,1,30,3,3,10,0.49087066243300226), NodeObject(34,0,14,1,18,2,17,5,0.3084504498680779))))
((0,173,Set(NodeObject(202,0,8,1,75,0,6,16,0.5374626921506088), NodeObject(275,1,2,1,91,0,4,3,0.8136429855489183), NodeObject(10,0,9,1,7,2,4,15,0.1180881744104385), NodeObject(102,1,4,1,70,0,6,18,0.23952862361111948))),(1,166,Set(NodeObject(239,3,0,1,24,3,1,0,0.29989015428413324), NodeObject(287,4,7,1,18,1,2,5,0.18046639492221184), NodeObject(153,3,14,1,40,1,1,13,0.6703780300064571))))
((0,173,Set(NodeObject(202,0,8,1,75,0,6,16,0.5374626921506088), NodeObject(275,1,2,1,91,0,4,3,0.8136429855489183), NodeObject(10,0,9,1,7,2,4,15,0.1180881744104385), NodeObject(102,1,4,1,70,0,6,18,0.23952862361111948))),(1,154,Set(NodeObject(39,1,13,1,93,0,0,9,0.055860053436300294))))
((0,173,Set(NodeObject(202,0,8,1,75,0,6,16,0.5374626921506088), NodeObject(275,1,2,1,91,0,4,3,0.8136429855489183), NodeObject(10,0,9,1,7,2,4,15,0.1180881744104385), NodeObject(102,1,4,1,70,0,6,18,0.23952862361111948))),(1,12,Set(NodeObject(101,2,10,1,98,0,4,10,0.6075462708123635))))
((0,173,Set(NodeObject(202,0,8,1,75,0,6,16,0.5374626921506088), NodeObject(275,1,2,1,91,0,4,3,0.8136429855489183), NodeObject(10,0,9,1,7,2,4,15,0.1180881744104385), NodeObject(102,1,4,1,70,0,6,18,0.23952862361111948))),(1,297,Set(NodeObject(164,1,8,1,57,0,1,7,0.1030965691926169), NodeObject(198,2,5,1,38,1,1,6,0.027812712683414897), NodeObject(124,1,0,1,0,3,0,3,0.23360191226310767))))
((0,173,Set(NodeObject(202,0,8,1,75,0,6,16,0.5374626921506088), NodeObject(275,1,2,1,91,0,4,3,0.8136429855489183), NodeObject(10,0,9,1,7,2,4,15,0.1180881744104385), NodeObject(102,1,4,1,70,0,6,18,0.23952862361111948))),(1,256,Set(NodeObject(140,0,14,1,96,4,1,18,0.6536614145618213))))
((0,173,Set(NodeObject(202,0,8,1,75,0,6,16,0.5374626921506088), NodeObject(275,1,2,1,91,0,4,3,0.8136429855489183), NodeObject(10,0,9,1,7,2,4,15,0.1180881744104385), NodeObject(102,1,4,1,70,0,6,18,0.23952862361111948))),(1,168,Set(NodeObject(25,1,16,1,90,0,1,10,0.1194826707110691), NodeObject(153,3,14,1,40,1,1,13,0.6703780300064571))))
((0,173,Set(NodeObject(202,0,8,1,75,0,6,16,0.5374626921506088), NodeObject(275,1,2,1,91,0,4,3,0.8136429855489183), NodeObject(10,0,9,1,7,2,4,15,0.1180881744104385), NodeObject(102,1,4,1,70,0,6,18,0.23952862361111948))),(1,60,Set(NodeObject(14,0,6,1,72,4,5,12,0.8243460497722671))))
((0,173,Set(NodeObject(202,0,8,1,75,0,6,16,0.5374626921506088), NodeObject(275,1,2,1,91,0,4,3,0.8136429855489183), NodeObject(10,0,9,1,7,2,4,15,0.1180881744104385), NodeObject(102,1,4,1,70,0,6,18,0.23952862361111948))),(1,156,Set(NodeObject(220,6,10,1,6,3,0,18,0.7196977636705338), NodeObject(280,1,7,1,21,3,6,10,0.16202006706380923), NodeObject(236,3,9,1,68,4,0,7,0.4852252168974961), NodeObject(5,5,15,1,63,0,5,15,0.6192457674838601))))
((0,173,Set(NodeObject(202,0,8,1,75,0,6,16,0.5374626921506088), NodeObject(275,1,2,1,91,0,4,3,0.8136429855489183), NodeObject(10,0,9,1,7,2,4,15,0.1180881744104385), NodeObject(102,1,4,1,70,0,6,18,0.23952862361111948))),(1,149,Set(NodeObject(243,0,18,1,80,3,0,9,0.25343794789063345))))
((0,173,Set(NodeObject(202,0,8,1,75,0,6,16,0.5374626921506088), NodeObject(275,1,2,1,91,0,4,3,0.8136429855489183), NodeObject(10,0,9,1,7,2,4,15,0.1180881744104385), NodeObject(102,1,4,1,70,0,6,18,0.23952862361111948))),(1,102,Set(NodeObject(219,6,2,1,39,0,0,16,0.6413282171902263))))
((0,173,Set(NodeObject(202,0,8,1,75,0,6,16,0.5374626921506088), NodeObject(275,1,2,1,91,0,4,3,0.8136429855489183), NodeObject(10,0,9,1,7,2,4,15,0.1180881744104385), NodeObject(102,1,4,1,70,0,6,18,0.23952862361111948))),(1,199,Set(NodeObject(19,6,14,1,86,4,6,15,0.601904169250919), NodeObject(137,5,2,1,37,0,1,8,0.5435749213026885), NodeObject(283,6,11,1,57,4,4,1,0.5654282558594093))))
((0,173,Set(NodeObject(202,0,8,1,75,0,6,16,0.5374626921506088), NodeObject(275,1,2,1,91,0,4,3,0.8136429855489183), NodeObject(10,0,9,1,7,2,4,15,0.1180881744104385), NodeObject(102,1,4,1,70,0,6,18,0.23952862361111948))),(1,235,Set(NodeObject(250,0,17,1,7,0,7,11,0.1262208137416907), NodeObject(36,0,11,1,17,4,0,19,0.37586258253301874), NodeObject(294,4,8,1,15,0,2,3,0.7673117278582113))))
((0,173,Set(NodeObject(202,0,8,1,75,0,6,16,0.5374626921506088), NodeObject(275,1,2,1,91,0,4,3,0.8136429855489183), NodeObject(10,0,9,1,7,2,4,15,0.1180881744104385), NodeObject(102,1,4,1,70,0,6,18,0.23952862361111948))),(1,82,Set(NodeObject(154,6,2,1,83,1,4,8,0.0029890996680838056))))
((0,173,Set(NodeObject(202,0,8,1,75,0,6,16,0.5374626921506088), NodeObject(275,1,2,1,91,0,4,3,0.8136429855489183), NodeObject(10,0,9,1,7,2,4,15,0.1180881744104385), NodeObject(102,1,4,1,70,0,6,18,0.23952862361111948))),(1,9,Set(NodeObject(180,0,13,1,44,1,5,1,0.46188545594069064), NodeObject(290,4,17,1,41,0,2,7,0.874607839516905))))
((0,173,Set(NodeObject(202,0,8,1,75,0,6,16,0.5374626921506088), NodeObject(275,1,2,1,91,0,4,3,0.8136429855489183), NodeObject(10,0,9,1,7,2,4,15,0.1180881744104385), NodeObject(102,1,4,1,70,0,6,18,0.23952862361111948))),(1,54,Set(NodeObject(39,1,13,1,93,0,0,9,0.055860053436300294))))
((0,173,Set(NodeObject(202,0,8,1,75,0,6,16,0.5374626921506088), NodeObject(275,1,2,1,91,0,4,3,0.8136429855489183), NodeObject(10,0,9,1,7,2,4,15,0.1180881744104385), NodeObject(102,1,4,1,70,0,6,18,0.23952862361111948))),(1,5,Set(NodeObject(89,0,11,1,39,1,1,9,0.6442359221198528))))
((0,173,Set(NodeObject(202,0,8,1,75,0,6,16,0.5374626921506088), NodeObject(275,1,2,1,91,0,4,3,0.8136429855489183), NodeObject(10,0,9,1,7,2,4,15,0.1180881744104385), NodeObject(102,1,4,1,70,0,6,18,0.23952862361111948))),(1,300,Set(NodeObject(44,5,10,1,84,0,5,10,0.40020832212385726), NodeObject(205,1,2,1,7,4,2,10,0.2569484494500991))))
((0,173,Set(NodeObject(202,0,8,1,75,0,6,16,0.5374626921506088), NodeObject(275,1,2,1,91,0,4,3,0.8136429855489183), NodeObject(10,0,9,1,7,2,4,15,0.1180881744104385), NodeObject(102,1,4,1,70,0,6,18,0.23952862361111948))),(1,211,Set(NodeObject(133,4,8,1,59,4,4,6,0.6396876156766765))))
((0,173,Set(NodeObject(202,0,8,1,75,0,6,16,0.5374626921506088), NodeObject(275,1,2,1,91,0,4,3,0.8136429855489183), NodeObject(10,0,9,1,7,2,4,15,0.1180881744104385), NodeObject(102,1,4,1,70,0,6,18,0.23952862361111948))),(1,27,Set(NodeObject(168,2,15,1,6,0,6,17,0.19479528269298385), NodeObject(295,0,2,1,19,2,5,18,0.8864750595918444))))
((0,173,Set(NodeObject(202,0,8,1,75,0,6,16,0.5374626921506088), NodeObject(275,1,2,1,91,0,4,3,0.8136429855489183), NodeObject(10,0,9,1,7,2,4,15,0.1180881744104385), NodeObject(102,1,4,1,70,0,6,18,0.23952862361111948))),(1,138,Set(NodeObject(82,0,8,1,15,1,3,16,0.19875479224017023))))
((0,173,Set(NodeObject(202,0,8,1,75,0,6,16,0.5374626921506088), NodeObject(275,1,2,1,91,0,4,3,0.8136429855489183), NodeObject(10,0,9,1,7,2,4,15,0.1180881744104385), NodeObject(102,1,4,1,70,0,6,18,0.23952862361111948))),(1,71,Set(NodeObject(255,2,11,1,86,2,4,16,0.6496819984950584))))
((0,173,Set(NodeObject(202,0,8,1,75,0,6,16,0.5374626921506088), NodeObject(275,1,2,1,91,0,4,3,0.8136429855489183), NodeObject(10,0,9,1,7,2,4,15,0.1180881744104385), NodeObject(102,1,4,1,70,0,6,18,0.23952862361111948))),(1,92,Set(NodeObject(219,6,2,1,39,0,0,16,0.6413282171902263), NodeObject(212,6,0,1,62,3,3,19,0.7794249966890704))))
((0,173,Set(NodeObject(202,0,8,1,75,0,6,16,0.5374626921506088), NodeObject(275,1,2,1,91,0,4,3,0.8136429855489183), NodeObject(10,0,9,1,7,2,4,15,0.1180881744104385), NodeObject(102,1,4,1,70,0,6,18,0.23952862361111948))),(1,101,Set(NodeObject(17,3,4,1,40,4,1,15,0.9333303782597655))))
((0,173,Set(NodeObject(202,0,8,1,75,0,6,16,0.5374626921506088), NodeObject(275,1,2,1,91,0,4,3,0.8136429855489183), NodeObject(10,0,9,1,7,2,4,15,0.1180881744104385), NodeObject(102,1,4,1,70,0,6,18,0.23952862361111948))),(1,314,Set(NodeObject(19,6,14,1,86,4,6,15,0.601904169250919))))
((0,173,Set(NodeObject(202,0,8,1,75,0,6,16,0.5374626921506088), NodeObject(275,1,2,1,91,0,4,3,0.8136429855489183), NodeObject(10,0,9,1,7,2,4,15,0.1180881744104385), NodeObject(102,1,4,1,70,0,6,18,0.23952862361111948))),(1,220,Set(NodeObject(175,0,0,1,94,2,6,0,0.7355745706911496), NodeObject(64,3,0,1,37,4,6,9,0.8240421761271907))))
((0,173,Set(NodeObject(202,0,8,1,75,0,6,16,0.5374626921506088), NodeObject(275,1,2,1,91,0,4,3,0.8136429855489183), NodeObject(10,0,9,1,7,2,4,15,0.1180881744104385), NodeObject(102,1,4,1,70,0,6,18,0.23952862361111948))),(1,57,Set(NodeObject(68,4,14,1,97,3,2,2,0.5822322574420571))))
((0,173,Set(NodeObject(202,0,8,1,75,0,6,16,0.5374626921506088), NodeObject(275,1,2,1,91,0,4,3,0.8136429855489183), NodeObject(10,0,9,1,7,2,4,15,0.1180881744104385), NodeObject(102,1,4,1,70,0,6,18,0.23952862361111948))),(1,20,Set(NodeObject(164,1,8,1,57,0,1,7,0.1030965691926169), NodeObject(98,4,5,1,82,4,6,7,0.8599375454493634))))
((0,173,Set(NodeObject(202,0,8,1,75,0,6,16,0.5374626921506088), NodeObject(275,1,2,1,91,0,4,3,0.8136429855489183), NodeObject(10,0,9,1,7,2,4,15,0.1180881744104385), NodeObject(102,1,4,1,70,0,6,18,0.23952862361111948))),(1,94,Set(NodeObject(90,1,6,1,86,0,0,8,0.8370929738463833), NodeObject(18,1,1,1,41,1,4,12,0.45107328224217336))))
((0,173,Set(NodeObject(202,0,8,1,75,0,6,16,0.5374626921506088), NodeObject(275,1,2,1,91,0,4,3,0.8136429855489183), NodeObject(10,0,9,1,7,2,4,15,0.1180881744104385), NodeObject(102,1,4,1,70,0,6,18,0.23952862361111948))),(1,21,Set(NodeObject(252,0,9,1,9,0,2,19,0.3797253212936226))))
((0,173,Set(NodeObject(202,0,8,1,75,0,6,16,0.5374626921506088), NodeObject(275,1,2,1,91,0,4,3,0.8136429855489183), NodeObject(10,0,9,1,7,2,4,15,0.1180881744104385), NodeObject(102,1,4,1,70,0,6,18,0.23952862361111948))),(1,134,Set(NodeObject(193,2,5,1,1,0,6,16,0.9723040165952425), NodeObject(267,2,10,1,1,4,6,8,0.5374161482288754))))
((0,173,Set(NodeObject(202,0,8,1,75,0,6,16,0.5374626921506088), NodeObject(275,1,2,1,91,0,4,3,0.8136429855489183), NodeObject(10,0,9,1,7,2,4,15,0.1180881744104385), NodeObject(102,1,4,1,70,0,6,18,0.23952862361111948))),(1,3,Set(NodeObject(10,0,9,1,7,2,4,15,0.1180881744104385), NodeObject(60,2,15,1,78,3,4,1,0.8160506570039586))))
((0,173,Set(NodeObject(202,0,8,1,75,0,6,16,0.5374626921506088), NodeObject(275,1,2,1,91,0,4,3,0.8136429855489183), NodeObject(10,0,9,1,7,2,4,15,0.1180881744104385), NodeObject(102,1,4,1,70,0,6,18,0.23952862361111948))),(1,282,Set(NodeObject(106,4,8,1,39,2,2,18,0.8841167513680078), NodeObject(190,0,13,1,32,2,0,12,0.33089292787026614), NodeObject(86,2,8,1,51,4,63,14,0.6759314882555222), NodeObject(146,0,5,1,65,1,3,8,0.46471095572884646))))
((0,173,Set(NodeObject(202,0,8,1,75,0,6,16,0.5374626921506088), NodeObject(275,1,2,1,91,0,4,3,0.8136429855489183), NodeObject(10,0,9,1,7,2,4,15,0.1180881744104385), NodeObject(102,1,4,1,70,0,6,18,0.23952862361111948))),(1,73,Set(NodeObject(191,5,10,1,29,3,4,18,0.8892194837741746), NodeObject(194,5,12,1,67,1,4,16,0.3810243198535135), NodeObject(262,5,14,1,17,1,3,19,0.9877226615954543))))
((0,173,Set(NodeObject(202,0,8,1,75,0,6,16,0.5374626921506088), NodeObject(275,1,2,1,91,0,4,3,0.8136429855489183), NodeObject(10,0,9,1,7,2,4,15,0.1180881744104385), NodeObject(102,1,4,1,70,0,6,18,0.23952862361111948))),(1,249,Set(NodeObject(186,5,9,1,34,0,5,3,0.2982863215600535))))
((0,173,Set(NodeObject(202,0,8,1,75,0,6,16,0.5374626921506088), NodeObject(275,1,2,1,91,0,4,3,0.8136429855489183), NodeObject(10,0,9,1,7,2,4,15,0.1180881744104385), NodeObject(102,1,4,1,70,0,6,18,0.23952862361111948))),(1,310,Set(NodeObject(240,5,19,1,54,2,5,18,0.8776017346359588))))
((0,173,Set(NodeObject(202,0,8,1,75,0,6,16,0.5374626921506088), NodeObject(275,1,2,1,91,0,4,3,0.8136429855489183), NodeObject(10,0,9,1,7,2,4,15,0.1180881744104385), NodeObject(102,1,4,1,70,0,6,18,0.23952862361111948))),(1,208,Set(NodeObject(170,5,14,1,49,1,1,3,0.39543511451234925), NodeObject(224,5,17,1,73,4,1,9,0.004678488672908765))))
((0,173,Set(NodeObject(202,0,8,1,75,0,6,16,0.5374626921506088), NodeObject(275,1,2,1,91,0,4,3,0.8136429855489183), NodeObject(10,0,9,1,7,2,4,15,0.1180881744104385), NodeObject(102,1,4,1,70,0,6,18,0.23952862361111948))),(1,267,Set(NodeObject(61,3,12,1,30,3,3,10,0.49087066243300226))))
((0,173,Set(NodeObject(202,0,8,1,75,0,6,16,0.5374626921506088), NodeObject(275,1,2,1,91,0,4,3,0.8136429855489183), NodeObject(10,0,9,1,7,2,4,15,0.1180881744104385), NodeObject(102,1,4,1,70,0,6,18,0.23952862361111948))),(1,214,Set(NodeObject(253,3,14,1,98,0,6,9,0.14029874829570255), NodeObject(297,6,7,1,48,3,5,16,0.5444279830474034))))
((0,173,Set(NodeObject(202,0,8,1,75,0,6,16,0.5374626921506088), NodeObject(275,1,2,1,91,0,4,3,0.8136429855489183), NodeObject(10,0,9,1,7,2,4,15,0.1180881744104385), NodeObject(102,1,4,1,70,0,6,18,0.23952862361111948))),(1,265,Set(NodeObject(85,2,17,1,35,1,5,5,0.240185811530488), NodeObject(146,0,5,1,65,1,3,8,0.46471095572884646))))
((0,173,Set(NodeObject(202,0,8,1,75,0,6,16,0.5374626921506088), NodeObject(275,1,2,1,91,0,4,3,0.8136429855489183), NodeObject(10,0,9,1,7,2,4,15,0.1180881744104385), NodeObject(102,1,4,1,70,0,6,18,0.23952862361111948))),(1,165,Set(NodeObject(89,0,11,1,39,1,1,9,0.6442359221198528), NodeObject(273,1,17,1,3,2,2,14,0.40414581642229064))))
((0,173,Set(NodeObject(202,0,8,1,75,0,6,16,0.5374626921506088), NodeObject(275,1,2,1,91,0,4,3,0.8136429855489183), NodeObject(10,0,9,1,7,2,4,15,0.1180881744104385), NodeObject(102,1,4,1,70,0,6,18,0.23952862361111948))),(1,48,Set(NodeObject(257,2,5,1,96,4,4,17,0.9389601528464181), NodeObject(99,2,8,1,30,0,0,17,0.16118271429847897), NodeObject(160,4,5,1,35,4,5,0,0.662338782821706), NodeObject(139,0,18,1,62,4,1,4,0.8872594675278259))))
((0,173,Set(NodeObject(202,0,8,1,75,0,6,16,0.5374626921506088), NodeObject(275,1,2,1,91,0,4,3,0.8136429855489183), NodeObject(10,0,9,1,7,2,4,15,0.1180881744104385), NodeObject(102,1,4,1,70,0,6,18,0.23952862361111948))),(1,161,Set(NodeObject(241,2,7,1,30,1,6,16,0.191495094409046), NodeObject(244,0,14,1,89,1,0,16,0.24888657731540142))))
((0,173,Set(NodeObject(202,0,8,1,75,0,6,16,0.5374626921506088), NodeObject(275,1,2,1,91,0,4,3,0.8136429855489183), NodeObject(10,0,9,1,7,2,4,15,0.1180881744104385), NodeObject(102,1,4,1,70,0,6,18,0.23952862361111948))),(1,129,Set(NodeObject(181,1,8,1,88,2,5,10,0.615467179602235), NodeObject(183,2,4,1,11,2,6,12,0.9466762815267563), NodeObject(91,2,15,1,62,1,0,0,0.1975574205869246))))
((0,173,Set(NodeObject(202,0,8,1,75,0,6,16,0.5374626921506088), NodeObject(275,1,2,1,91,0,4,3,0.8136429855489183), NodeObject(10,0,9,1,7,2,4,15,0.1180881744104385), NodeObject(102,1,4,1,70,0,6,18,0.23952862361111948))),(1,290,Set(NodeObject(262,5,14,1,17,1,3,19,0.9877226615954543))))
((0,173,Set(NodeObject(202,0,8,1,75,0,6,16,0.5374626921506088), NodeObject(275,1,2,1,91,0,4,3,0.8136429855489183), NodeObject(10,0,9,1,7,2,4,15,0.1180881744104385), NodeObject(102,1,4,1,70,0,6,18,0.23952862361111948))),(1,68,Set(NodeObject(84,3,19,1,64,0,0,19,0.5949545791665255), NodeObject(32,3,8,1,39,1,4,0,0.6555937261797709), NodeObject(57,4,15,1,80,3,1,11,0.7662240255763835))))
((0,173,Set(NodeObject(202,0,8,1,75,0,6,16,0.5374626921506088), NodeObject(275,1,2,1,91,0,4,3,0.8136429855489183), NodeObject(10,0,9,1,7,2,4,15,0.1180881744104385), NodeObject(102,1,4,1,70,0,6,18,0.23952862361111948))),(1,121,Set(NodeObject(24,4,6,1,64,2,2,6,0.27943707876720436), NodeObject(178,4,17,1,98,1,6,7,0.48030370885711904))))
((0,173,Set(NodeObject(202,0,8,1,75,0,6,16,0.5374626921506088), NodeObject(275,1,2,1,91,0,4,3,0.8136429855489183), NodeObject(10,0,9,1,7,2,4,15,0.1180881744104385), NodeObject(102,1,4,1,70,0,6,18,0.23952862361111948))),(1,285,Set(NodeObject(204,1,17,1,30,3,2,6,0.9912054880005027))))
((0,173,Set(NodeObject(202,0,8,1,75,0,6,16,0.5374626921506088), NodeObject(275,1,2,1,91,0,4,3,0.8136429855489183), NodeObject(10,0,9,1,7,2,4,15,0.1180881744104385), NodeObject(102,1,4,1,70,0,6,18,0.23952862361111948))),(1,44,Set(NodeObject(138,5,18,1,92,3,0,3,0.7757804385898781), NodeObject(115,2,13,1,79,0,5,5,0.6757717782676228))))
((0,173,Set(NodeObject(202,0,8,1,75,0,6,16,0.5374626921506088), NodeObject(275,1,2,1,91,0,4,3,0.8136429855489183), NodeObject(10,0,9,1,7,2,4,15,0.1180881744104385), NodeObject(102,1,4,1,70,0,6,18,0.23952862361111948))),(1,142,Set(NodeObject(107,5,16,1,45,4,5,5,0.4023886687304321), NodeObject(62,1,12,1,41,0,35,7,0.7085538616969567))))
((0,173,Set(NodeObject(202,0,8,1,75,0,6,16,0.5374626921506088), NodeObject(275,1,2,1,91,0,4,3,0.8136429855489183), NodeObject(10,0,9,1,7,2,4,15,0.1180881744104385), NodeObject(102,1,4,1,70,0,6,18,0.23952862361111948))),(1,78,Set(NodeObject(69,2,13,1,15,3,4,17,0.2406160682540136))))
((0,173,Set(NodeObject(202,0,8,1,75,0,6,16,0.5374626921506088), NodeObject(275,1,2,1,91,0,4,3,0.8136429855489183), NodeObject(10,0,9,1,7,2,4,15,0.1180881744104385), NodeObject(102,1,4,1,70,0,6,18,0.23952862361111948))),(1,124,Set(NodeObject(232,2,16,1,88,3,69,2,0.09765191959747099), NodeObject(25,1,16,1,90,0,1,10,0.1194826707110691))))
((0,173,Set(NodeObject(202,0,8,1,75,0,6,16,0.5374626921506088), NodeObject(275,1,2,1,91,0,4,3,0.8136429855489183), NodeObject(10,0,9,1,7,2,4,15,0.1180881744104385), NodeObject(102,1,4,1,70,0,6,18,0.23952862361111948))),(1,309,Set(NodeObject(138,5,18,1,92,3,0,3,0.7757804385898781))))
((0,173,Set(NodeObject(202,0,8,1,75,0,6,16,0.5374626921506088), NodeObject(275,1,2,1,91,0,4,3,0.8136429855489183), NodeObject(10,0,9,1,7,2,4,15,0.1180881744104385), NodeObject(102,1,4,1,70,0,6,18,0.23952862361111948))),(1,29,Set(NodeObject(166,3,10,1,70,2,1,7,0.7634851104433601), NodeObject(240,5,19,1,54,2,5,18,0.8776017346359588), NodeObject(275,1,2,1,91,0,4,3,0.8136429855489183))))
((0,173,Set(NodeObject(202,0,8,1,75,0,6,16,0.5374626921506088), NodeObject(275,1,2,1,91,0,4,3,0.8136429855489183), NodeObject(10,0,9,1,7,2,4,15,0.1180881744104385), NodeObject(102,1,4,1,70,0,6,18,0.23952862361111948))),(1,34,Set(NodeObject(92,4,13,1,40,3,6,9,0.2507647020340842), NodeObject(136,1,11,1,83,3,4,16,0.8938649159539533))))
((0,173,Set(NodeObject(202,0,8,1,75,0,6,16,0.5374626921506088), NodeObject(275,1,2,1,91,0,4,3,0.8136429855489183), NodeObject(10,0,9,1,7,2,4,15,0.1180881744104385), NodeObject(102,1,4,1,70,0,6,18,0.23952862361111948))),(1,137,Set(NodeObject(175,0,0,1,94,2,6,0,0.7355745706911496), NodeObject(202,0,8,1,75,0,6,16,0.5374626921506088), NodeObject(38,1,16,1,49,2,2,7,0.3934520377650603))))
((0,173,Set(NodeObject(202,0,8,1,75,0,6,16,0.5374626921506088), NodeObject(275,1,2,1,91,0,4,3,0.8136429855489183), NodeObject(10,0,9,1,7,2,4,15,0.1180881744104385), NodeObject(102,1,4,1,70,0,6,18,0.23952862361111948))),(1,123,Set(NodeObject(11,6,0,1,34,3,0,18,0.6036584938254841), NodeObject(70,1,14,1,29,0,4,2,0.7435378664756157), NodeObject(203,2,11,1,5,0,3,19,0.8794453712138848))))
((0,173,Set(NodeObject(202,0,8,1,75,0,6,16,0.5374626921506088), NodeObject(275,1,2,1,91,0,4,3,0.8136429855489183), NodeObject(10,0,9,1,7,2,4,15,0.1180881744104385), NodeObject(102,1,4,1,70,0,6,18,0.23952862361111948))),(1,302,Set(NodeObject(286,5,12,1,41,4,3,11,0.008580588069627915))))
((0,173,Set(NodeObject(202,0,8,1,75,0,6,16,0.5374626921506088), NodeObject(275,1,2,1,91,0,4,3,0.8136429855489183), NodeObject(10,0,9,1,7,2,4,15,0.1180881744104385), NodeObject(102,1,4,1,70,0,6,18,0.23952862361111948))),(1,183,Set(NodeObject(37,4,16,1,38,0,6,8,0.49553962582081557), NodeObject(246,2,15,1,91,4,5,8,0.7109324565552134))))
((0,173,Set(NodeObject(202,0,8,1,75,0,6,16,0.5374626921506088), NodeObject(275,1,2,1,91,0,4,3,0.8136429855489183), NodeObject(10,0,9,1,7,2,4,15,0.1180881744104385), NodeObject(102,1,4,1,70,0,6,18,0.23952862361111948))),(1,140,Set(NodeObject(69,2,13,1,15,3,4,17,0.2406160682540136), NodeObject(143,4,7,1,64,3,6,17,0.41993205334358996), NodeObject(121,4,6,1,27,0,0,12,0.510445119516055))))
((0,173,Set(NodeObject(202,0,8,1,75,0,6,16,0.5374626921506088), NodeObject(275,1,2,1,91,0,4,3,0.8136429855489183), NodeObject(10,0,9,1,7,2,4,15,0.1180881744104385), NodeObject(102,1,4,1,70,0,6,18,0.23952862361111948))),(1,205,Set(NodeObject(75,1,15,1,41,4,0,0,0.7585057510063866))))
((0,173,Set(NodeObject(202,0,8,1,75,0,6,16,0.5374626921506088), NodeObject(275,1,2,1,91,0,4,3,0.8136429855489183), NodeObject(10,0,9,1,7,2,4,15,0.1180881744104385), NodeObject(102,1,4,1,70,0,6,18,0.23952862361111948))),(1,248,Set(NodeObject(14,0,6,1,72,4,5,12,0.8243460497722671), NodeObject(295,0,2,1,19,2,5,18,0.8864750595918444))))
((0,173,Set(NodeObject(202,0,8,1,75,0,6,16,0.5374626921506088), NodeObject(275,1,2,1,91,0,4,3,0.8136429855489183), NodeObject(10,0,9,1,7,2,4,15,0.1180881744104385), NodeObject(102,1,4,1,70,0,6,18,0.23952862361111948))),(1,266,Set(NodeObject(28,6,5,1,14,4,4,7,0.7163457037980081), NodeObject(76,2,11,1,79,1,4,4,0.31130365097418844), NodeObject(152,6,11,1,4,4,1,1,0.5021085179675306))))
((0,173,Set(NodeObject(202,0,8,1,75,0,6,16,0.5374626921506088), NodeObject(275,1,2,1,91,0,4,3,0.8136429855489183), NodeObject(10,0,9,1,7,2,4,15,0.1180881744104385), NodeObject(102,1,4,1,70,0,6,18,0.23952862361111948))),(1,204,Set(NodeObject(271,3,1,1,13,0,0,15,0.6396613363513571), NodeObject(221,2,12,1,51,3,3,5,0.8400369070613284), NodeObject(152,6,11,1,4,4,1,1,0.5021085179675306))))
((0,173,Set(NodeObject(202,0,8,1,75,0,6,16,0.5374626921506088), NodeObject(275,1,2,1,91,0,4,3,0.8136429855489183), NodeObject(10,0,9,1,7,2,4,15,0.1180881744104385), NodeObject(102,1,4,1,70,0,6,18,0.23952862361111948))),(1,180,Set(NodeObject(178,4,17,1,98,1,6,7,0.48030370885711904), NodeObject(263,1,9,1,25,1,3,18,0.8335904171203421), NodeObject(136,1,11,1,83,3,4,16,0.8938649159539533), NodeObject(289,3,17,1,98,1,4,12,0.4728306860110938))))
((0,173,Set(NodeObject(202,0,8,1,75,0,6,16,0.5374626921506088), NodeObject(275,1,2,1,91,0,4,3,0.8136429855489183), NodeObject(10,0,9,1,7,2,4,15,0.1180881744104385), NodeObject(102,1,4,1,70,0,6,18,0.23952862361111948))),(1,198,Set(NodeObject(219,6,2,1,39,0,0,16,0.6413282171902263), NodeObject(233,6,5,1,3,3,5,9,0.4877461406972975), NodeObject(90,1,6,1,86,0,0,8,0.8370929738463833))))
((0,173,Set(NodeObject(202,0,8,1,75,0,6,16,0.5374626921506088), NodeObject(275,1,2,1,91,0,4,3,0.8136429855489183), NodeObject(10,0,9,1,7,2,4,15,0.1180881744104385), NodeObject(102,1,4,1,70,0,6,18,0.23952862361111948))),(1,178,Set(NodeObject(62,1,12,1,41,0,35,7,0.7085538616969567))))
((0,173,Set(NodeObject(202,0,8,1,75,0,6,16,0.5374626921506088), NodeObject(275,1,2,1,91,0,4,3,0.8136429855489183), NodeObject(10,0,9,1,7,2,4,15,0.1180881744104385), NodeObject(102,1,4,1,70,0,6,18,0.23952862361111948))),(1,32,Set(NodeObject(168,2,15,1,6,0,6,17,0.19479528269298385), NodeObject(136,1,11,1,83,3,4,16,0.8938649159539533), NodeObject(289,3,17,1,98,1,4,12,0.4728306860110938))))
((0,173,Set(NodeObject(202,0,8,1,75,0,6,16,0.5374626921506088), NodeObject(275,1,2,1,91,0,4,3,0.8136429855489183), NodeObject(10,0,9,1,7,2,4,15,0.1180881744104385), NodeObject(102,1,4,1,70,0,6,18,0.23952862361111948))),(1,312,Set(NodeObject(82,0,8,1,15,1,3,16,0.19875479224017023))))
((0,173,Set(NodeObject(202,0,8,1,75,0,6,16,0.5374626921506088), NodeObject(275,1,2,1,91,0,4,3,0.8136429855489183), NodeObject(10,0,9,1,7,2,4,15,0.1180881744104385), NodeObject(102,1,4,1,70,0,6,18,0.23952862361111948))),(1,230,Set(NodeObject(31,3,4,1,74,4,2,5,0.08470506811725265))))
((0,173,Set(NodeObject(202,0,8,1,75,0,6,16,0.5374626921506088), NodeObject(275,1,2,1,91,0,4,3,0.8136429855489183), NodeObject(10,0,9,1,7,2,4,15,0.1180881744104385), NodeObject(102,1,4,1,70,0,6,18,0.23952862361111948))),(1,272,Set(NodeObject(269,4,8,1,47,3,0,12,0.10818910002183335), NodeObject(260,1,11,1,18,2,4,3,0.7380331632137932), NodeObject(293,5,0,1,23,1,4,8,0.4862188054634107))))
((0,173,Set(NodeObject(202,0,8,1,75,0,6,16,0.5374626921506088), NodeObject(275,1,2,1,91,0,4,3,0.8136429855489183), NodeObject(10,0,9,1,7,2,4,15,0.1180881744104385), NodeObject(102,1,4,1,70,0,6,18,0.23952862361111948))),(1,51,Set(NodeObject(95,1,2,1,5,0,0,15,0.46403025417042165))))
((0,173,Set(NodeObject(202,0,8,1,75,0,6,16,0.5374626921506088), NodeObject(275,1,2,1,91,0,4,3,0.8136429855489183), NodeObject(10,0,9,1,7,2,4,15,0.1180881744104385), NodeObject(102,1,4,1,70,0,6,18,0.23952862361111948))),(1,158,Set(NodeObject(264,5,7,1,19,2,4,3,0.612141909365066))))
((0,173,Set(NodeObject(202,0,8,1,75,0,6,16,0.5374626921506088), NodeObject(275,1,2,1,91,0,4,3,0.8136429855489183), NodeObject(10,0,9,1,7,2,4,15,0.1180881744104385), NodeObject(102,1,4,1,70,0,6,18,0.23952862361111948))),(1,264,Set(NodeObject(5,5,15,1,63,0,5,15,0.6192457674838601))))
((0,173,Set(NodeObject(202,0,8,1,75,0,6,16,0.5374626921506088), NodeObject(275,1,2,1,91,0,4,3,0.8136429855489183), NodeObject(10,0,9,1,7,2,4,15,0.1180881744104385), NodeObject(102,1,4,1,70,0,6,18,0.23952862361111948))),(1,141,Set(NodeObject(156,1,6,1,34,0,0,3,0.36477327582258434))))
((0,173,Set(NodeObject(202,0,8,1,75,0,6,16,0.5374626921506088), NodeObject(275,1,2,1,91,0,4,3,0.8136429855489183), NodeObject(10,0,9,1,7,2,4,15,0.1180881744104385), NodeObject(102,1,4,1,70,0,6,18,0.23952862361111948))),(1,115,Set(NodeObject(182,3,18,1,19,0,0,8,0.9812554382396235), NodeObject(270,2,3,1,56,4,0,17,0.7027490741968846))))
((0,173,Set(NodeObject(202,0,8,1,75,0,6,16,0.5374626921506088), NodeObject(275,1,2,1,91,0,4,3,0.8136429855489183), NodeObject(10,0,9,1,7,2,4,15,0.1180881744104385), NodeObject(102,1,4,1,70,0,6,18,0.23952862361111948))),(1,213,Set(NodeObject(53,2,11,1,8,0,3,19,0.8329536086669855))))
((0,173,Set(NodeObject(202,0,8,1,75,0,6,16,0.5374626921506088), NodeObject(275,1,2,1,91,0,4,3,0.8136429855489183), NodeObject(10,0,9,1,7,2,4,15,0.1180881744104385), NodeObject(102,1,4,1,70,0,6,18,0.23952862361111948))),(1,107,Set(NodeObject(130,3,4,1,6,0,5,1,0.7214623539992844), NodeObject(271,3,1,1,13,0,0,15,0.6396613363513571))))
((0,173,Set(NodeObject(202,0,8,1,75,0,6,16,0.5374626921506088), NodeObject(275,1,2,1,91,0,4,3,0.8136429855489183), NodeObject(10,0,9,1,7,2,4,15,0.1180881744104385), NodeObject(102,1,4,1,70,0,6,18,0.23952862361111948))),(1,75,Set(NodeObject(113,3,15,1,69,4,2,10,0.13632418900813015), NodeObject(216,3,11,1,50,2,4,8,0.9421049031096327))))
((0,173,Set(NodeObject(202,0,8,1,75,0,6,16,0.5374626921506088), NodeObject(275,1,2,1,91,0,4,3,0.8136429855489183), NodeObject(10,0,9,1,7,2,4,15,0.1180881744104385), NodeObject(102,1,4,1,70,0,6,18,0.23952862361111948))),(1,250,Set(NodeObject(214,1,9,1,52,3,0,3,0.7456118163692524))))
((0,173,Set(NodeObject(202,0,8,1,75,0,6,16,0.5374626921506088), NodeObject(275,1,2,1,91,0,4,3,0.8136429855489183), NodeObject(10,0,9,1,7,2,4,15,0.1180881744104385), NodeObject(102,1,4,1,70,0,6,18,0.23952862361111948))),(1,96,Set(NodeObject(71,6,1,1,41,4,1,1,0.1435323161874813), NodeObject(185,3,5,1,2,0,5,3,0.8675849968971744), NodeObject(213,1,4,1,93,3,6,19,0.5669596066664087))))
((0,173,Set(NodeObject(202,0,8,1,75,0,6,16,0.5374626921506088), NodeObject(275,1,2,1,91,0,4,3,0.8136429855489183), NodeObject(10,0,9,1,7,2,4,15,0.1180881744104385), NodeObject(102,1,4,1,70,0,6,18,0.23952862361111948))),(1,49,Set(NodeObject(92,4,13,1,40,3,6,9,0.2507647020340842), NodeObject(11,6,0,1,34,3,0,18,0.6036584938254841), NodeObject(151,3,5,1,12,4,1,2,0.14394473032215738))))
((0,173,Set(NodeObject(202,0,8,1,75,0,6,16,0.5374626921506088), NodeObject(275,1,2,1,91,0,4,3,0.8136429855489183), NodeObject(10,0,9,1,7,2,4,15,0.1180881744104385), NodeObject(102,1,4,1,70,0,6,18,0.23952862361111948))),(1,243,Set(NodeObject(142,6,2,1,57,0,6,12,0.04312412980880198), NodeObject(102,1,4,1,70,0,6,18,0.23952862361111948), NodeObject(1,2,13,1,3,0,0,12,0.6743744664465373))))
((0,173,Set(NodeObject(202,0,8,1,75,0,6,16,0.5374626921506088), NodeObject(275,1,2,1,91,0,4,3,0.8136429855489183), NodeObject(10,0,9,1,7,2,4,15,0.1180881744104385), NodeObject(102,1,4,1,70,0,6,18,0.23952862361111948))),(1,212,Set(NodeObject(121,4,6,1,27,0,0,12,0.510445119516055), NodeObject(62,1,12,1,41,0,35,7,0.7085538616969567))))
((0,173,Set(NodeObject(202,0,8,1,75,0,6,16,0.5374626921506088), NodeObject(275,1,2,1,91,0,4,3,0.8136429855489183), NodeObject(10,0,9,1,7,2,4,15,0.1180881744104385), NodeObject(102,1,4,1,70,0,6,18,0.23952862361111948))),(1,145,Set()))
((0,173,Set(NodeObject(202,0,8,1,75,0,6,16,0.5374626921506088), NodeObject(275,1,2,1,91,0,4,3,0.8136429855489183), NodeObject(10,0,9,1,7,2,4,15,0.1180881744104385), NodeObject(102,1,4,1,70,0,6,18,0.23952862361111948))),(1,259,Set(NodeObject(50,1,7,1,60,3,1,5,0.9353800408206029))))
((0,173,Set(NodeObject(202,0,8,1,75,0,6,16,0.5374626921506088), NodeObject(275,1,2,1,91,0,4,3,0.8136429855489183), NodeObject(10,0,9,1,7,2,4,15,0.1180881744104385), NodeObject(102,1,4,1,70,0,6,18,0.23952862361111948))),(1,252,Set(NodeObject(150,6,2,1,66,3,4,17,0.33274516471532356), NodeObject(222,0,8,1,23,4,4,13,0.21781224702318847))))
((0,173,Set(NodeObject(202,0,8,1,75,0,6,16,0.5374626921506088), NodeObject(275,1,2,1,91,0,4,3,0.8136429855489183), NodeObject(10,0,9,1,7,2,4,15,0.1180881744104385), NodeObject(102,1,4,1,70,0,6,18,0.23952862361111948))),(1,276,Set(NodeObject(163,0,14,1,5,0,0,3,0.39099184252156294))))
((0,173,Set(NodeObject(202,0,8,1,75,0,6,16,0.5374626921506088), NodeObject(275,1,2,1,91,0,4,3,0.8136429855489183), NodeObject(10,0,9,1,7,2,4,15,0.1180881744104385), NodeObject(102,1,4,1,70,0,6,18,0.23952862361111948))),(1,39,Set(NodeObject(264,5,7,1,19,2,4,3,0.612141909365066))))
((0,173,Set(NodeObject(202,0,8,1,75,0,6,16,0.5374626921506088), NodeObject(275,1,2,1,91,0,4,3,0.8136429855489183), NodeObject(10,0,9,1,7,2,4,15,0.1180881744104385), NodeObject(102,1,4,1,70,0,6,18,0.23952862361111948))),(1,45,Set(NodeObject(276,0,12,1,51,1,1,0,0.963745047556596), NodeObject(143,4,7,1,64,3,6,17,0.41993205334358996), NodeObject(249,4,11,1,65,2,6,17,0.8912473300189626), NodeObject(4,4,15,1,53,2,0,12,0.8935470419937055))))
((0,173,Set(NodeObject(202,0,8,1,75,0,6,16,0.5374626921506088), NodeObject(275,1,2,1,91,0,4,3,0.8136429855489183), NodeObject(10,0,9,1,7,2,4,15,0.1180881744104385), NodeObject(102,1,4,1,70,0,6,18,0.23952862361111948))),(1,173,Set(NodeObject(202,0,8,1,75,0,6,16,0.5374626921506088), NodeObject(275,1,2,1,91,0,4,3,0.8136429855489183), NodeObject(10,0,9,1,7,2,4,15,0.1180881744104385), NodeObject(42,2,19,1,45,3,1,10,0.8344630740927553), NodeObject(102,1,4,1,70,0,6,18,0.23952862361111948))))
((0,173,Set(NodeObject(202,0,8,1,75,0,6,16,0.5374626921506088), NodeObject(275,1,2,1,91,0,4,3,0.8136429855489183), NodeObject(10,0,9,1,7,2,4,15,0.1180881744104385), NodeObject(102,1,4,1,70,0,6,18,0.23952862361111948))),(1,245,Set(NodeObject(103,0,12,1,72,1,6,19,0.9198975134450764), NodeObject(143,4,7,1,64,3,6,17,0.41993205334358996))))
((0,173,Set(NodeObject(202,0,8,1,75,0,6,16,0.5374626921506088), NodeObject(275,1,2,1,91,0,4,3,0.8136429855489183), NodeObject(10,0,9,1,7,2,4,15,0.1180881744104385), NodeObject(102,1,4,1,70,0,6,18,0.23952862361111948))),(1,219,Set(NodeObject(251,4,11,1,16,3,6,11,0.22221118363295367))))
((0,173,Set(NodeObject(202,0,8,1,75,0,6,16,0.5374626921506088), NodeObject(275,1,2,1,91,0,4,3,0.8136429855489183), NodeObject(10,0,9,1,7,2,4,15,0.1180881744104385), NodeObject(102,1,4,1,70,0,6,18,0.23952862361111948))),(1,87,Set(NodeObject(278,4,7,1,4,4,3,15,0.7514548918736694))))
((0,173,Set(NodeObject(202,0,8,1,75,0,6,16,0.5374626921506088), NodeObject(275,1,2,1,91,0,4,3,0.8136429855489183), NodeObject(10,0,9,1,7,2,4,15,0.1180881744104385), NodeObject(102,1,4,1,70,0,6,18,0.23952862361111948))),(1,46,Set(NodeObject(165,4,7,1,53,0,4,6,0.6502260678172763))))
((0,173,Set(NodeObject(202,0,8,1,75,0,6,16,0.5374626921506088), NodeObject(275,1,2,1,91,0,4,3,0.8136429855489183), NodeObject(10,0,9,1,7,2,4,15,0.1180881744104385), NodeObject(102,1,4,1,70,0,6,18,0.23952862361111948))),(1,111,Set(NodeObject(157,5,5,1,86,0,5,12,0.8951459146348227))))
((0,173,Set(NodeObject(202,0,8,1,75,0,6,16,0.5374626921506088), NodeObject(275,1,2,1,91,0,4,3,0.8136429855489183), NodeObject(10,0,9,1,7,2,4,15,0.1180881744104385), NodeObject(102,1,4,1,70,0,6,18,0.23952862361111948))),(1,194,Set(NodeObject(202,0,8,1,75,0,6,16,0.5374626921506088), NodeObject(62,1,12,1,41,0,35,7,0.7085538616969567))))
((0,173,Set(NodeObject(202,0,8,1,75,0,6,16,0.5374626921506088), NodeObject(275,1,2,1,91,0,4,3,0.8136429855489183), NodeObject(10,0,9,1,7,2,4,15,0.1180881744104385), NodeObject(102,1,4,1,70,0,6,18,0.23952862361111948))),(1,269,Set(NodeObject(265,6,15,1,36,3,6,16,0.0543107706052266), NodeObject(271,3,1,1,13,0,0,15,0.6396613363513571))))
((0,173,Set(NodeObject(202,0,8,1,75,0,6,16,0.5374626921506088), NodeObject(275,1,2,1,91,0,4,3,0.8136429855489183), NodeObject(10,0,9,1,7,2,4,15,0.1180881744104385), NodeObject(102,1,4,1,70,0,6,18,0.23952862361111948))),(1,191,Set(NodeObject(239,3,0,1,24,3,1,0,0.29989015428413324))))
((0,173,Set(NodeObject(202,0,8,1,75,0,6,16,0.5374626921506088), NodeObject(275,1,2,1,91,0,4,3,0.8136429855489183), NodeObject(10,0,9,1,7,2,4,15,0.1180881744104385), NodeObject(102,1,4,1,70,0,6,18,0.23952862361111948))),(1,153,Set(NodeObject(295,0,2,1,19,2,5,18,0.8864750595918444), NodeObject(191,5,10,1,29,3,4,18,0.8892194837741746))))
((0,173,Set(NodeObject(202,0,8,1,75,0,6,16,0.5374626921506088), NodeObject(275,1,2,1,91,0,4,3,0.8136429855489183), NodeObject(10,0,9,1,7,2,4,15,0.1180881744104385), NodeObject(102,1,4,1,70,0,6,18,0.23952862361111948))),(1,179,Set()))
((0,173,Set(NodeObject(202,0,8,1,75,0,6,16,0.5374626921506088), NodeObject(275,1,2,1,91,0,4,3,0.8136429855489183), NodeObject(10,0,9,1,7,2,4,15,0.1180881744104385), NodeObject(102,1,4,1,70,0,6,18,0.23952862361111948))),(1,131,Set(NodeObject(138,5,18,1,92,3,0,3,0.7757804385898781))))
((0,173,Set(NodeObject(202,0,8,1,75,0,6,16,0.5374626921506088), NodeObject(275,1,2,1,91,0,4,3,0.8136429855489183), NodeObject(10,0,9,1,7,2,4,15,0.1180881744104385), NodeObject(102,1,4,1,70,0,6,18,0.23952862361111948))),(1,273,Set(NodeObject(208,3,9,1,31,0,4,18,0.5065194318901116))))
((0,173,Set(NodeObject(202,0,8,1,75,0,6,16,0.5374626921506088), NodeObject(275,1,2,1,91,0,4,3,0.8136429855489183), NodeObject(10,0,9,1,7,2,4,15,0.1180881744104385), NodeObject(102,1,4,1,70,0,6,18,0.23952862361111948))),(1,118,Set(NodeObject(38,1,16,1,49,2,2,7,0.3934520377650603), NodeObject(226,6,1,1,2,4,3,4,0.6088026835367063), NodeObject(236,3,9,1,68,4,0,7,0.4852252168974961))))
((0,173,Set(NodeObject(202,0,8,1,75,0,6,16,0.5374626921506088), NodeObject(275,1,2,1,91,0,4,3,0.8136429855489183), NodeObject(10,0,9,1,7,2,4,15,0.1180881744104385), NodeObject(102,1,4,1,70,0,6,18,0.23952862361111948))),(1,37,Set(NodeObject(220,6,10,1,6,3,0,18,0.7196977636705338), NodeObject(84,3,19,1,64,0,0,19,0.5949545791665255), NodeObject(82,0,8,1,15,1,3,16,0.19875479224017023), NodeObject(151,3,5,1,12,4,1,2,0.14394473032215738))))
((0,173,Set(NodeObject(202,0,8,1,75,0,6,16,0.5374626921506088), NodeObject(275,1,2,1,91,0,4,3,0.8136429855489183), NodeObject(10,0,9,1,7,2,4,15,0.1180881744104385), NodeObject(102,1,4,1,70,0,6,18,0.23952862361111948))),(1,210,Set(NodeObject(39,1,13,1,93,0,0,9,0.055860053436300294))))
((0,173,Set(NodeObject(202,0,8,1,75,0,6,16,0.5374626921506088), NodeObject(275,1,2,1,91,0,4,3,0.8136429855489183), NodeObject(10,0,9,1,7,2,4,15,0.1180881744104385), NodeObject(102,1,4,1,70,0,6,18,0.23952862361111948))),(1,55,Set(NodeObject(112,4,10,1,17,3,0,3,0.2062621333610587), NodeObject(117,2,18,1,3,1,3,15,0.6080424437636088))))
((0,173,Set(NodeObject(202,0,8,1,75,0,6,16,0.5374626921506088), NodeObject(275,1,2,1,91,0,4,3,0.8136429855489183), NodeObject(10,0,9,1,7,2,4,15,0.1180881744104385), NodeObject(102,1,4,1,70,0,6,18,0.23952862361111948))),(1,277,Set(NodeObject(236,3,9,1,68,4,0,7,0.4852252168974961))))
((0,173,Set(NodeObject(202,0,8,1,75,0,6,16,0.5374626921506088), NodeObject(275,1,2,1,91,0,4,3,0.8136429855489183), NodeObject(10,0,9,1,7,2,4,15,0.1180881744104385), NodeObject(102,1,4,1,70,0,6,18,0.23952862361111948))),(1,295,Set(NodeObject(239,3,0,1,24,3,1,0,0.29989015428413324), NodeObject(103,0,12,1,72,1,6,19,0.9198975134450764), NodeObject(248,0,5,1,97,2,3,8,0.44338656123542797))))
((0,173,Set(NodeObject(202,0,8,1,75,0,6,16,0.5374626921506088), NodeObject(275,1,2,1,91,0,4,3,0.8136429855489183), NodeObject(10,0,9,1,7,2,4,15,0.1180881744104385), NodeObject(102,1,4,1,70,0,6,18,0.23952862361111948))),(1,4,Set(NodeObject(200,1,9,1,0,2,0,18,0.18854902435847798), NodeObject(286,5,12,1,41,4,3,11,0.008580588069627915))))
((0,173,Set(NodeObject(202,0,8,1,75,0,6,16,0.5374626921506088), NodeObject(275,1,2,1,91,0,4,3,0.8136429855489183), NodeObject(10,0,9,1,7,2,4,15,0.1180881744104385), NodeObject(102,1,4,1,70,0,6,18,0.23952862361111948))),(1,106,Set(NodeObject(231,0,11,1,11,0,6,13,0.05257435045390313), NodeObject(212,6,0,1,62,3,3,19,0.7794249966890704), NodeObject(209,2,11,1,71,2,0,11,0.07288482197290336))))
((0,173,Set(NodeObject(202,0,8,1,75,0,6,16,0.5374626921506088), NodeObject(275,1,2,1,91,0,4,3,0.8136429855489183), NodeObject(10,0,9,1,7,2,4,15,0.1180881744104385), NodeObject(102,1,4,1,70,0,6,18,0.23952862361111948))),(1,253,Set(NodeObject(296,2,0,1,17,4,5,17,0.7733073275212841))))
((0,173,Set(NodeObject(202,0,8,1,75,0,6,16,0.5374626921506088), NodeObject(275,1,2,1,91,0,4,3,0.8136429855489183), NodeObject(10,0,9,1,7,2,4,15,0.1180881744104385), NodeObject(102,1,4,1,70,0,6,18,0.23952862361111948))),(1,148,Set(NodeObject(70,1,14,1,29,0,4,2,0.7435378664756157), NodeObject(159,2,5,1,62,1,6,3,0.8023570778570329))))
((0,173,Set(NodeObject(202,0,8,1,75,0,6,16,0.5374626921506088), NodeObject(275,1,2,1,91,0,4,3,0.8136429855489183), NodeObject(10,0,9,1,7,2,4,15,0.1180881744104385), NodeObject(102,1,4,1,70,0,6,18,0.23952862361111948))),(1,284,Set(NodeObject(101,2,10,1,98,0,4,10,0.6075462708123635), NodeObject(235,4,7,1,18,2,3,15,0.6324122313178578), NodeObject(293,5,0,1,23,1,4,8,0.4862188054634107), NodeObject(213,1,4,1,93,3,6,19,0.5669596066664087), NodeObject(12,3,8,1,71,0,5,4,0.622351482070857))))
((0,173,Set(NodeObject(202,0,8,1,75,0,6,16,0.5374626921506088), NodeObject(275,1,2,1,91,0,4,3,0.8136429855489183), NodeObject(10,0,9,1,7,2,4,15,0.1180881744104385), NodeObject(102,1,4,1,70,0,6,18,0.23952862361111948))),(1,176,Set(NodeObject(281,4,2,1,32,0,1,12,0.2743325433431649), NodeObject(155,5,14,1,30,1,2,3,0.3156684543017638))))
((0,173,Set(NodeObject(202,0,8,1,75,0,6,16,0.5374626921506088), NodeObject(275,1,2,1,91,0,4,3,0.8136429855489183), NodeObject(10,0,9,1,7,2,4,15,0.1180881744104385), NodeObject(102,1,4,1,70,0,6,18,0.23952862361111948))),(1,109,Set(NodeObject(56,0,5,1,12,2,0,18,0.4190514618435208))))
((0,173,Set(NodeObject(202,0,8,1,75,0,6,16,0.5374626921506088), NodeObject(275,1,2,1,91,0,4,3,0.8136429855489183), NodeObject(10,0,9,1,7,2,4,15,0.1180881744104385), NodeObject(102,1,4,1,70,0,6,18,0.23952862361111948))),(1,189,Set(NodeObject(84,3,19,1,64,0,0,19,0.5949545791665255), NodeObject(283,6,11,1,57,4,4,1,0.5654282558594093), NodeObject(260,1,11,1,18,2,4,3,0.7380331632137932), NodeObject(279,1,6,1,83,0,4,12,0.9615392464812006))))
((0,173,Set(NodeObject(202,0,8,1,75,0,6,16,0.5374626921506088), NodeObject(275,1,2,1,91,0,4,3,0.8136429855489183), NodeObject(10,0,9,1,7,2,4,15,0.1180881744104385), NodeObject(102,1,4,1,70,0,6,18,0.23952862361111948))),(1,74,Set(NodeObject(84,3,19,1,64,0,0,19,0.5949545791665255))))
((0,173,Set(NodeObject(202,0,8,1,75,0,6,16,0.5374626921506088), NodeObject(275,1,2,1,91,0,4,3,0.8136429855489183), NodeObject(10,0,9,1,7,2,4,15,0.1180881744104385), NodeObject(102,1,4,1,70,0,6,18,0.23952862361111948))),(1,7,Set(NodeObject(215,4,17,1,82,3,4,19,0.9784497306397085), NodeObject(161,6,0,1,21,1,6,19,0.38259536881300105))))
((0,173,Set(NodeObject(202,0,8,1,75,0,6,16,0.5374626921506088), NodeObject(275,1,2,1,91,0,4,3,0.8136429855489183), NodeObject(10,0,9,1,7,2,4,15,0.1180881744104385), NodeObject(102,1,4,1,70,0,6,18,0.23952862361111948))),(1,79,Set(NodeObject(235,4,7,1,18,2,3,15,0.6324122313178578), NodeObject(205,1,2,1,7,4,2,10,0.2569484494500991))))
((0,173,Set(NodeObject(202,0,8,1,75,0,6,16,0.5374626921506088), NodeObject(275,1,2,1,91,0,4,3,0.8136429855489183), NodeObject(10,0,9,1,7,2,4,15,0.1180881744104385), NodeObject(102,1,4,1,70,0,6,18,0.23952862361111948))),(1,19,Set(NodeObject(129,2,5,1,28,0,6,16,0.8854924741002957), NodeObject(115,2,13,1,79,0,5,5,0.6757717782676228), NodeObject(210,0,12,1,96,4,2,12,0.09768187785497506))))
((0,173,Set(NodeObject(202,0,8,1,75,0,6,16,0.5374626921506088), NodeObject(275,1,2,1,91,0,4,3,0.8136429855489183), NodeObject(10,0,9,1,7,2,4,15,0.1180881744104385), NodeObject(102,1,4,1,70,0,6,18,0.23952862361111948))),(1,171,Set(NodeObject(94,1,18,1,25,0,4,0,0.634393864355721))))
((0,173,Set(NodeObject(202,0,8,1,75,0,6,16,0.5374626921506088), NodeObject(275,1,2,1,91,0,4,3,0.8136429855489183), NodeObject(10,0,9,1,7,2,4,15,0.1180881744104385), NodeObject(102,1,4,1,70,0,6,18,0.23952862361111948))),(1,35,Set(NodeObject(174,1,4,1,49,0,0,19,0.23324970179169102))))
((0,173,Set(NodeObject(202,0,8,1,75,0,6,16,0.5374626921506088), NodeObject(275,1,2,1,91,0,4,3,0.8136429855489183), NodeObject(10,0,9,1,7,2,4,15,0.1180881744104385), NodeObject(102,1,4,1,70,0,6,18,0.23952862361111948))),(1,67,Set(NodeObject(43,6,5,1,81,4,0,5,0.06100827688433319), NodeObject(212,6,0,1,62,3,3,19,0.7794249966890704))))
((0,173,Set(NodeObject(202,0,8,1,75,0,6,16,0.5374626921506088), NodeObject(275,1,2,1,91,0,4,3,0.8136429855489183), NodeObject(10,0,9,1,7,2,4,15,0.1180881744104385), NodeObject(102,1,4,1,70,0,6,18,0.23952862361111948))),(1,175,Set(NodeObject(15,5,10,1,20,0,5,19,0.10051111788266831), NodeObject(7,3,11,1,50,3,3,1,0.45139704251563917))))
((0,173,Set(NodeObject(202,0,8,1,75,0,6,16,0.5374626921506088), NodeObject(275,1,2,1,91,0,4,3,0.8136429855489183), NodeObject(10,0,9,1,7,2,4,15,0.1180881744104385), NodeObject(102,1,4,1,70,0,6,18,0.23952862361111948))),(1,239,Set(NodeObject(166,3,10,1,70,2,1,7,0.7634851104433601), NodeObject(195,6,5,1,1,1,0,11,0.8851991136692464))))
((0,173,Set(NodeObject(202,0,8,1,75,0,6,16,0.5374626921506088), NodeObject(275,1,2,1,91,0,4,3,0.8136429855489183), NodeObject(10,0,9,1,7,2,4,15,0.1180881744104385), NodeObject(102,1,4,1,70,0,6,18,0.23952862361111948))),(1,18,Set(NodeObject(95,1,2,1,5,0,0,15,0.46403025417042165), NodeObject(178,4,17,1,98,1,6,7,0.48030370885711904), NodeObject(232,2,16,1,88,3,69,2,0.09765191959747099), NodeObject(93,3,8,1,4,2,7,2,0.35727371478583747))))
((0,173,Set(NodeObject(202,0,8,1,75,0,6,16,0.5374626921506088), NodeObject(275,1,2,1,91,0,4,3,0.8136429855489183), NodeObject(10,0,9,1,7,2,4,15,0.1180881744104385), NodeObject(102,1,4,1,70,0,6,18,0.23952862361111948))),(1,59,Set(NodeObject(104,0,12,1,99,3,3,0,0.021705382348029767))))
((0,173,Set(NodeObject(202,0,8,1,75,0,6,16,0.5374626921506088), NodeObject(275,1,2,1,91,0,4,3,0.8136429855489183), NodeObject(10,0,9,1,7,2,4,15,0.1180881744104385), NodeObject(102,1,4,1,70,0,6,18,0.23952862361111948))),(1,52,Set(NodeObject(159,2,5,1,62,1,6,3,0.8023570778570329))))
((0,173,Set(NodeObject(202,0,8,1,75,0,6,16,0.5374626921506088), NodeObject(275,1,2,1,91,0,4,3,0.8136429855489183), NodeObject(10,0,9,1,7,2,4,15,0.1180881744104385), NodeObject(102,1,4,1,70,0,6,18,0.23952862361111948))),(1,17,Set(NodeObject(235,4,7,1,18,2,3,15,0.6324122313178578), NodeObject(27,6,2,1,43,3,4,6,0.7866804301410842))))
((0,173,Set(NodeObject(202,0,8,1,75,0,6,16,0.5374626921506088), NodeObject(275,1,2,1,91,0,4,3,0.8136429855489183), NodeObject(10,0,9,1,7,2,4,15,0.1180881744104385), NodeObject(102,1,4,1,70,0,6,18,0.23952862361111948))),(1,63,Set(NodeObject(72,0,18,1,67,2,0,5,0.7108135629781689), NodeObject(123,5,12,1,29,0,1,2,0.9074505916150525), NodeObject(265,6,15,1,36,3,6,16,0.0543107706052266), NodeObject(195,6,5,1,1,1,0,11,0.8851991136692464))))
((0,173,Set(NodeObject(202,0,8,1,75,0,6,16,0.5374626921506088), NodeObject(275,1,2,1,91,0,4,3,0.8136429855489183), NodeObject(10,0,9,1,7,2,4,15,0.1180881744104385), NodeObject(102,1,4,1,70,0,6,18,0.23952862361111948))),(1,263,Set(NodeObject(164,1,8,1,57,0,1,7,0.1030965691926169))))
((0,173,Set(NodeObject(202,0,8,1,75,0,6,16,0.5374626921506088), NodeObject(275,1,2,1,91,0,4,3,0.8136429855489183), NodeObject(10,0,9,1,7,2,4,15,0.1180881744104385), NodeObject(102,1,4,1,70,0,6,18,0.23952862361111948))),(1,169,Set(NodeObject(156,1,6,1,34,0,0,3,0.36477327582258434), NodeObject(3,5,7,1,57,4,5,1,0.8209846309984985), NodeObject(207,2,10,1,2,1,5,5,0.20792816043927387))))
((0,173,Set(NodeObject(202,0,8,1,75,0,6,16,0.5374626921506088), NodeObject(275,1,2,1,91,0,4,3,0.8136429855489183), NodeObject(10,0,9,1,7,2,4,15,0.1180881744104385), NodeObject(102,1,4,1,70,0,6,18,0.23952862361111948))),(1,268,Set(NodeObject(47,0,5,1,56,1,3,4,0.7995452658076826))))
((0,173,Set(NodeObject(202,0,8,1,75,0,6,16,0.5374626921506088), NodeObject(275,1,2,1,91,0,4,3,0.8136429855489183), NodeObject(10,0,9,1,7,2,4,15,0.1180881744104385), NodeObject(102,1,4,1,70,0,6,18,0.23952862361111948))),(1,152,Set(NodeObject(135,5,0,1,54,1,2,11,0.21288993760265318), NodeObject(269,4,8,1,47,3,0,12,0.10818910002183335))))
((0,173,Set(NodeObject(202,0,8,1,75,0,6,16,0.5374626921506088), NodeObject(275,1,2,1,91,0,4,3,0.8136429855489183), NodeObject(10,0,9,1,7,2,4,15,0.1180881744104385), NodeObject(102,1,4,1,70,0,6,18,0.23952862361111948))),(1,170,Set(NodeObject(162,5,8,1,38,0,5,11,0.023752061204163177), NodeObject(2,6,3,1,7,2,6,8,0.3428117057751371))))
((0,173,Set(NodeObject(202,0,8,1,75,0,6,16,0.5374626921506088), NodeObject(275,1,2,1,91,0,4,3,0.8136429855489183), NodeObject(10,0,9,1,7,2,4,15,0.1180881744104385), NodeObject(102,1,4,1,70,0,6,18,0.23952862361111948))),(1,64,Set(NodeObject(11,6,0,1,34,3,0,18,0.6036584938254841), NodeObject(266,3,0,1,29,1,2,14,0.5339662548672233))))
((0,173,Set(NodeObject(202,0,8,1,75,0,6,16,0.5374626921506088), NodeObject(275,1,2,1,91,0,4,3,0.8136429855489183), NodeObject(10,0,9,1,7,2,4,15,0.1180881744104385), NodeObject(102,1,4,1,70,0,6,18,0.23952862361111948))),(1,56,Set(NodeObject(103,0,12,1,72,1,6,19,0.9198975134450764), NodeObject(286,5,12,1,41,4,3,11,0.008580588069627915), NodeObject(263,1,9,1,25,1,3,18,0.8335904171203421))))
((0,173,Set(NodeObject(202,0,8,1,75,0,6,16,0.5374626921506088), NodeObject(275,1,2,1,91,0,4,3,0.8136429855489183), NodeObject(10,0,9,1,7,2,4,15,0.1180881744104385), NodeObject(102,1,4,1,70,0,6,18,0.23952862361111948))),(1,36,Set(NodeObject(219,6,2,1,39,0,0,16,0.6413282171902263), NodeObject(212,6,0,1,62,3,3,19,0.7794249966890704))))
((0,173,Set(NodeObject(202,0,8,1,75,0,6,16,0.5374626921506088), NodeObject(275,1,2,1,91,0,4,3,0.8136429855489183), NodeObject(10,0,9,1,7,2,4,15,0.1180881744104385), NodeObject(102,1,4,1,70,0,6,18,0.23952862361111948))),(1,305,Set(NodeObject(172,6,6,1,69,0,6,11,0.34065211918813054))))
((0,173,Set(NodeObject(202,0,8,1,75,0,6,16,0.5374626921506088), NodeObject(275,1,2,1,91,0,4,3,0.8136429855489183), NodeObject(10,0,9,1,7,2,4,15,0.1180881744104385), NodeObject(102,1,4,1,70,0,6,18,0.23952862361111948))),(1,299,Set(NodeObject(128,5,5,1,76,4,2,12,0.13310427010485126))))
((0,173,Set(NodeObject(202,0,8,1,75,0,6,16,0.5374626921506088), NodeObject(275,1,2,1,91,0,4,3,0.8136429855489183), NodeObject(10,0,9,1,7,2,4,15,0.1180881744104385), NodeObject(102,1,4,1,70,0,6,18,0.23952862361111948))),(1,233,Set(NodeObject(153,3,14,1,40,1,1,13,0.6703780300064571), NodeObject(133,4,8,1,59,4,4,6,0.6396876156766765))))
((0,173,Set(NodeObject(202,0,8,1,75,0,6,16,0.5374626921506088), NodeObject(275,1,2,1,91,0,4,3,0.8136429855489183), NodeObject(10,0,9,1,7,2,4,15,0.1180881744104385), NodeObject(102,1,4,1,70,0,6,18,0.23952862361111948))),(1,242,Set(NodeObject(277,1,4,1,19,4,2,18,0.6108483845666646))))
((0,173,Set(NodeObject(202,0,8,1,75,0,6,16,0.5374626921506088), NodeObject(275,1,2,1,91,0,4,3,0.8136429855489183), NodeObject(10,0,9,1,7,2,4,15,0.1180881744104385), NodeObject(102,1,4,1,70,0,6,18,0.23952862361111948))),(1,61,Set(NodeObject(244,0,14,1,89,1,0,16,0.24888657731540142))))
((0,173,Set(NodeObject(202,0,8,1,75,0,6,16,0.5374626921506088), NodeObject(275,1,2,1,91,0,4,3,0.8136429855489183), NodeObject(10,0,9,1,7,2,4,15,0.1180881744104385), NodeObject(102,1,4,1,70,0,6,18,0.23952862361111948))),(1,10,Set(NodeObject(153,3,14,1,40,1,1,13,0.6703780300064571))))
((0,173,Set(NodeObject(202,0,8,1,75,0,6,16,0.5374626921506088), NodeObject(275,1,2,1,91,0,4,3,0.8136429855489183), NodeObject(10,0,9,1,7,2,4,15,0.1180881744104385), NodeObject(102,1,4,1,70,0,6,18,0.23952862361111948))),(1,130,Set(NodeObject(101,2,10,1,98,0,4,10,0.6075462708123635), NodeObject(55,6,1,1,57,0,0,19,0.20646382463428714))))
((0,173,Set(NodeObject(202,0,8,1,75,0,6,16,0.5374626921506088), NodeObject(275,1,2,1,91,0,4,3,0.8136429855489183), NodeObject(10,0,9,1,7,2,4,15,0.1180881744104385), NodeObject(102,1,4,1,70,0,6,18,0.23952862361111948))),(1,151,Set(NodeObject(79,0,12,1,64,4,0,16,0.47718162594769054))))
((0,173,Set(NodeObject(202,0,8,1,75,0,6,16,0.5374626921506088), NodeObject(275,1,2,1,91,0,4,3,0.8136429855489183), NodeObject(10,0,9,1,7,2,4,15,0.1180881744104385), NodeObject(102,1,4,1,70,0,6,18,0.23952862361111948))),(1,226,Set(NodeObject(282,6,0,1,74,0,0,7,0.7219943139330425))))
((0,173,Set(NodeObject(202,0,8,1,75,0,6,16,0.5374626921506088), NodeObject(275,1,2,1,91,0,4,3,0.8136429855489183), NodeObject(10,0,9,1,7,2,4,15,0.1180881744104385), NodeObject(102,1,4,1,70,0,6,18,0.23952862361111948))),(1,209,Set(NodeObject(12,3,8,1,71,0,5,4,0.622351482070857))))
((0,173,Set(NodeObject(202,0,8,1,75,0,6,16,0.5374626921506088), NodeObject(275,1,2,1,91,0,4,3,0.8136429855489183), NodeObject(10,0,9,1,7,2,4,15,0.1180881744104385), NodeObject(102,1,4,1,70,0,6,18,0.23952862361111948))),(1,291,Set()))
((0,173,Set(NodeObject(202,0,8,1,75,0,6,16,0.5374626921506088), NodeObject(275,1,2,1,91,0,4,3,0.8136429855489183), NodeObject(10,0,9,1,7,2,4,15,0.1180881744104385), NodeObject(102,1,4,1,70,0,6,18,0.23952862361111948))),(1,304,Set(NodeObject(241,2,7,1,30,1,6,16,0.191495094409046))))
((0,173,Set(NodeObject(202,0,8,1,75,0,6,16,0.5374626921506088), NodeObject(275,1,2,1,91,0,4,3,0.8136429855489183), NodeObject(10,0,9,1,7,2,4,15,0.1180881744104385), NodeObject(102,1,4,1,70,0,6,18,0.23952862361111948))),(1,47,Set(NodeObject(19,6,14,1,86,4,6,15,0.601904169250919), NodeObject(203,2,11,1,5,0,3,19,0.8794453712138848))))
((0,173,Set(NodeObject(202,0,8,1,75,0,6,16,0.5374626921506088), NodeObject(275,1,2,1,91,0,4,3,0.8136429855489183), NodeObject(10,0,9,1,7,2,4,15,0.1180881744104385), NodeObject(102,1,4,1,70,0,6,18,0.23952862361111948))),(1,88,Set(NodeObject(123,5,12,1,29,0,1,2,0.9074505916150525))))
((0,173,Set(NodeObject(202,0,8,1,75,0,6,16,0.5374626921506088), NodeObject(275,1,2,1,91,0,4,3,0.8136429855489183), NodeObject(10,0,9,1,7,2,4,15,0.1180881744104385), NodeObject(102,1,4,1,70,0,6,18,0.23952862361111948))),(1,127,Set(NodeObject(259,0,19,1,95,1,6,2,0.8024409313708929), NodeObject(221,2,12,1,51,3,3,5,0.8400369070613284), NodeObject(65,1,16,1,8,1,8,7,0.8707392986480599), NodeObject(19,6,14,1,86,4,6,15,0.601904169250919))))
((0,173,Set(NodeObject(202,0,8,1,75,0,6,16,0.5374626921506088), NodeObject(275,1,2,1,91,0,4,3,0.8136429855489183), NodeObject(10,0,9,1,7,2,4,15,0.1180881744104385), NodeObject(102,1,4,1,70,0,6,18,0.23952862361111948))),(1,231,Set(NodeObject(28,6,5,1,14,4,4,7,0.7163457037980081), NodeObject(22,6,19,1,42,0,5,7,0.8865200430781817), NodeObject(249,4,11,1,65,2,6,17,0.8912473300189626))))
((0,173,Set(NodeObject(202,0,8,1,75,0,6,16,0.5374626921506088), NodeObject(275,1,2,1,91,0,4,3,0.8136429855489183), NodeObject(10,0,9,1,7,2,4,15,0.1180881744104385), NodeObject(102,1,4,1,70,0,6,18,0.23952862361111948))),(1,307,Set(NodeObject(227,2,14,1,3,3,3,8,0.1222731194974066))))
((0,173,Set(NodeObject(202,0,8,1,75,0,6,16,0.5374626921506088), NodeObject(275,1,2,1,91,0,4,3,0.8136429855489183), NodeObject(10,0,9,1,7,2,4,15,0.1180881744104385), NodeObject(102,1,4,1,70,0,6,18,0.23952862361111948))),(1,147,Set(NodeObject(122,6,19,1,94,3,3,17,0.2439855463416427))))
((0,173,Set(NodeObject(202,0,8,1,75,0,6,16,0.5374626921506088), NodeObject(275,1,2,1,91,0,4,3,0.8136429855489183), NodeObject(10,0,9,1,7,2,4,15,0.1180881744104385), NodeObject(102,1,4,1,70,0,6,18,0.23952862361111948))),(1,139,Set(NodeObject(221,2,12,1,51,3,3,5,0.8400369070613284), NodeObject(1,2,13,1,3,0,0,12,0.6743744664465373), NodeObject(36,0,11,1,17,4,0,19,0.37586258253301874))))
((0,173,Set(NodeObject(202,0,8,1,75,0,6,16,0.5374626921506088), NodeObject(275,1,2,1,91,0,4,3,0.8136429855489183), NodeObject(10,0,9,1,7,2,4,15,0.1180881744104385), NodeObject(102,1,4,1,70,0,6,18,0.23952862361111948))),(1,196,Set(NodeObject(299,2,11,1,55,0,4,8,0.004639288266924391))))
((0,173,Set(NodeObject(202,0,8,1,75,0,6,16,0.5374626921506088), NodeObject(275,1,2,1,91,0,4,3,0.8136429855489183), NodeObject(10,0,9,1,7,2,4,15,0.1180881744104385), NodeObject(102,1,4,1,70,0,6,18,0.23952862361111948))),(1,202,Set()))
((0,173,Set(NodeObject(202,0,8,1,75,0,6,16,0.5374626921506088), NodeObject(275,1,2,1,91,0,4,3,0.8136429855489183), NodeObject(10,0,9,1,7,2,4,15,0.1180881744104385), NodeObject(102,1,4,1,70,0,6,18,0.23952862361111948))),(1,53,Set(NodeObject(166,3,10,1,70,2,1,7,0.7634851104433601), NodeObject(201,3,19,1,25,2,3,9,0.9844032842963533), NodeObject(283,6,11,1,57,4,4,1,0.5654282558594093))))
((0,173,Set(NodeObject(202,0,8,1,75,0,6,16,0.5374626921506088), NodeObject(275,1,2,1,91,0,4,3,0.8136429855489183), NodeObject(10,0,9,1,7,2,4,15,0.1180881744104385), NodeObject(102,1,4,1,70,0,6,18,0.23952862361111948))),(1,232,Set(NodeObject(203,2,11,1,5,0,3,19,0.8794453712138848), NodeObject(110,0,17,1,68,0,6,2,0.9798287657694199))))
((0,173,Set(NodeObject(202,0,8,1,75,0,6,16,0.5374626921506088), NodeObject(275,1,2,1,91,0,4,3,0.8136429855489183), NodeObject(10,0,9,1,7,2,4,15,0.1180881744104385), NodeObject(102,1,4,1,70,0,6,18,0.23952862361111948))),(1,234,Set(NodeObject(22,6,19,1,42,0,5,7,0.8865200430781817), NodeObject(18,1,1,1,41,1,4,12,0.45107328224217336))))
((0,173,Set(NodeObject(202,0,8,1,75,0,6,16,0.5374626921506088), NodeObject(275,1,2,1,91,0,4,3,0.8136429855489183), NodeObject(10,0,9,1,7,2,4,15,0.1180881744104385), NodeObject(102,1,4,1,70,0,6,18,0.23952862361111948))),(1,1,Set(NodeObject(172,6,6,1,69,0,6,11,0.34065211918813054), NodeObject(243,0,18,1,80,3,0,9,0.25343794789063345))))
((0,173,Set(NodeObject(202,0,8,1,75,0,6,16,0.5374626921506088), NodeObject(275,1,2,1,91,0,4,3,0.8136429855489183), NodeObject(10,0,9,1,7,2,4,15,0.1180881744104385), NodeObject(102,1,4,1,70,0,6,18,0.23952862361111948))),(1,105,Set(NodeObject(36,0,11,1,17,4,0,19,0.37586258253301874), NodeObject(190,0,13,1,32,2,0,12,0.33089292787026614))))
((0,173,Set(NodeObject(202,0,8,1,75,0,6,16,0.5374626921506088), NodeObject(275,1,2,1,91,0,4,3,0.8136429855489183), NodeObject(10,0,9,1,7,2,4,15,0.1180881744104385), NodeObject(102,1,4,1,70,0,6,18,0.23952862361111948))),(1,186,Set(NodeObject(181,1,8,1,88,2,5,10,0.615467179602235), NodeObject(160,4,5,1,35,4,5,0,0.662338782821706), NodeObject(190,0,13,1,32,2,0,12,0.33089292787026614))))
((0,173,Set(NodeObject(202,0,8,1,75,0,6,16,0.5374626921506088), NodeObject(275,1,2,1,91,0,4,3,0.8136429855489183), NodeObject(10,0,9,1,7,2,4,15,0.1180881744104385), NodeObject(102,1,4,1,70,0,6,18,0.23952862361111948))),(1,33,Set()))
((0,173,Set(NodeObject(202,0,8,1,75,0,6,16,0.5374626921506088), NodeObject(275,1,2,1,91,0,4,3,0.8136429855489183), NodeObject(10,0,9,1,7,2,4,15,0.1180881744104385), NodeObject(102,1,4,1,70,0,6,18,0.23952862361111948))),(1,188,Set(NodeObject(114,3,1,1,65,1,2,10,0.6449897350761622))))
((0,173,Set(NodeObject(202,0,8,1,75,0,6,16,0.5374626921506088), NodeObject(275,1,2,1,91,0,4,3,0.8136429855489183), NodeObject(10,0,9,1,7,2,4,15,0.1180881744104385), NodeObject(102,1,4,1,70,0,6,18,0.23952862361111948))),(1,22,Set(NodeObject(268,1,14,1,23,1,3,7,0.9938222881671711), NodeObject(14,0,6,1,72,4,5,12,0.8243460497722671), NodeObject(20,0,16,1,60,4,6,15,0.7050866465889827), NodeObject(183,2,4,1,11,2,6,12,0.9466762815267563), NodeObject(291,1,10,1,41,2,2,5,0.18746850587396668), NodeObject(146,0,5,1,65,1,3,8,0.46471095572884646))))
((0,173,Set(NodeObject(202,0,8,1,75,0,6,16,0.5374626921506088), NodeObject(275,1,2,1,91,0,4,3,0.8136429855489183), NodeObject(10,0,9,1,7,2,4,15,0.1180881744104385), NodeObject(102,1,4,1,70,0,6,18,0.23952862361111948))),(1,251,Set(NodeObject(176,0,8,1,55,2,3,2,0.5548406393814161), NodeObject(292,3,4,1,90,4,0,15,0.8540798016064611))))
((0,173,Set(NodeObject(202,0,8,1,75,0,6,16,0.5374626921506088), NodeObject(275,1,2,1,91,0,4,3,0.8136429855489183), NodeObject(10,0,9,1,7,2,4,15,0.1180881744104385), NodeObject(102,1,4,1,70,0,6,18,0.23952862361111948))),(1,8,Set(NodeObject(189,5,18,1,8,3,5,8,0.7565141650577041), NodeObject(35,5,19,1,78,3,4,16,0.16432876881334857))))
((0,173,Set(NodeObject(202,0,8,1,75,0,6,16,0.5374626921506088), NodeObject(275,1,2,1,91,0,4,3,0.8136429855489183), NodeObject(10,0,9,1,7,2,4,15,0.1180881744104385), NodeObject(102,1,4,1,70,0,6,18,0.23952862361111948))),(1,271,Set(NodeObject(106,4,8,1,39,2,2,18,0.8841167513680078))))
((0,173,Set(NodeObject(202,0,8,1,75,0,6,16,0.5374626921506088), NodeObject(275,1,2,1,91,0,4,3,0.8136429855489183), NodeObject(10,0,9,1,7,2,4,15,0.1180881744104385), NodeObject(102,1,4,1,70,0,6,18,0.23952862361111948))),(1,150,Set(NodeObject(13,4,0,1,98,3,2,5,0.7851478087384753))))
((0,173,Set(NodeObject(202,0,8,1,75,0,6,16,0.5374626921506088), NodeObject(275,1,2,1,91,0,4,3,0.8136429855489183), NodeObject(10,0,9,1,7,2,4,15,0.1180881744104385), NodeObject(102,1,4,1,70,0,6,18,0.23952862361111948))),(1,185,Set(NodeObject(144,3,18,1,51,4,6,17,0.8851103141047676), NodeObject(235,4,7,1,18,2,3,15,0.6324122313178578), NodeObject(91,2,15,1,62,1,0,0,0.1975574205869246))))
((0,173,Set(NodeObject(202,0,8,1,75,0,6,16,0.5374626921506088), NodeObject(275,1,2,1,91,0,4,3,0.8136429855489183), NodeObject(10,0,9,1,7,2,4,15,0.1180881744104385), NodeObject(102,1,4,1,70,0,6,18,0.23952862361111948))),(1,146,Set(NodeObject(187,3,5,1,21,0,3,6,0.8710435988171816), NodeObject(290,4,17,1,41,0,2,7,0.874607839516905))))
((0,173,Set(NodeObject(202,0,8,1,75,0,6,16,0.5374626921506088), NodeObject(275,1,2,1,91,0,4,3,0.8136429855489183), NodeObject(10,0,9,1,7,2,4,15,0.1180881744104385), NodeObject(102,1,4,1,70,0,6,18,0.23952862361111948))),(1,84,Set(NodeObject(96,5,6,1,99,0,4,6,0.5389493173623223))))
((0,173,Set(NodeObject(202,0,8,1,75,0,6,16,0.5374626921506088), NodeObject(275,1,2,1,91,0,4,3,0.8136429855489183), NodeObject(10,0,9,1,7,2,4,15,0.1180881744104385), NodeObject(102,1,4,1,70,0,6,18,0.23952862361111948))),(1,72,Set(NodeObject(22,6,19,1,42,0,5,7,0.8865200430781817), NodeObject(171,5,14,1,81,1,0,18,0.3717019892513014))))
((0,173,Set(NodeObject(202,0,8,1,75,0,6,16,0.5374626921506088), NodeObject(275,1,2,1,91,0,4,3,0.8136429855489183), NodeObject(10,0,9,1,7,2,4,15,0.1180881744104385), NodeObject(102,1,4,1,70,0,6,18,0.23952862361111948))),(1,162,Set(NodeObject(134,0,1,1,27,3,0,14,0.3886484741016729), NodeObject(168,2,15,1,6,0,6,17,0.19479528269298385))))
((0,173,Set(NodeObject(202,0,8,1,75,0,6,16,0.5374626921506088), NodeObject(275,1,2,1,91,0,4,3,0.8136429855489183), NodeObject(10,0,9,1,7,2,4,15,0.1180881744104385), NodeObject(102,1,4,1,70,0,6,18,0.23952862361111948))),(1,215,Set(NodeObject(275,1,2,1,91,0,4,3,0.8136429855489183))))
((0,173,Set(NodeObject(202,0,8,1,75,0,6,16,0.5374626921506088), NodeObject(275,1,2,1,91,0,4,3,0.8136429855489183), NodeObject(10,0,9,1,7,2,4,15,0.1180881744104385), NodeObject(102,1,4,1,70,0,6,18,0.23952862361111948))),(1,254,Set(NodeObject(233,6,5,1,3,3,5,9,0.4877461406972975), NodeObject(133,4,8,1,59,4,4,6,0.6396876156766765))))
((0,173,Set(NodeObject(202,0,8,1,75,0,6,16,0.5374626921506088), NodeObject(275,1,2,1,91,0,4,3,0.8136429855489183), NodeObject(10,0,9,1,7,2,4,15,0.1180881744104385), NodeObject(102,1,4,1,70,0,6,18,0.23952862361111948))),(1,258,Set(NodeObject(216,3,11,1,50,2,4,8,0.9421049031096327))))
((0,173,Set(NodeObject(202,0,8,1,75,0,6,16,0.5374626921506088), NodeObject(275,1,2,1,91,0,4,3,0.8136429855489183), NodeObject(10,0,9,1,7,2,4,15,0.1180881744104385), NodeObject(102,1,4,1,70,0,6,18,0.23952862361111948))),(1,108,Set(NodeObject(215,4,17,1,82,3,4,19,0.9784497306397085))))
((0,173,Set(NodeObject(202,0,8,1,75,0,6,16,0.5374626921506088), NodeObject(275,1,2,1,91,0,4,3,0.8136429855489183), NodeObject(10,0,9,1,7,2,4,15,0.1180881744104385), NodeObject(102,1,4,1,70,0,6,18,0.23952862361111948))),(1,76,Set(NodeObject(1,2,13,1,3,0,0,12,0.6743744664465373), NodeObject(18,1,1,1,41,1,4,12,0.45107328224217336))))
((0,173,Set(NodeObject(202,0,8,1,75,0,6,16,0.5374626921506088), NodeObject(275,1,2,1,91,0,4,3,0.8136429855489183), NodeObject(10,0,9,1,7,2,4,15,0.1180881744104385), NodeObject(102,1,4,1,70,0,6,18,0.23952862361111948))),(1,182,Set(NodeObject(63,2,12,1,3,0,4,10,0.4067089353894199), NodeObject(231,0,11,1,11,0,6,13,0.05257435045390313), NodeObject(235,4,7,1,18,2,3,15,0.6324122313178578))))
((0,173,Set(NodeObject(202,0,8,1,75,0,6,16,0.5374626921506088), NodeObject(275,1,2,1,91,0,4,3,0.8136429855489183), NodeObject(10,0,9,1,7,2,4,15,0.1180881744104385), NodeObject(102,1,4,1,70,0,6,18,0.23952862361111948))),(1,190,Set(NodeObject(101,2,10,1,98,0,4,10,0.6075462708123635))))
((0,173,Set(NodeObject(202,0,8,1,75,0,6,16,0.5374626921506088), NodeObject(275,1,2,1,91,0,4,3,0.8136429855489183), NodeObject(10,0,9,1,7,2,4,15,0.1180881744104385), NodeObject(102,1,4,1,70,0,6,18,0.23952862361111948))),(1,11,Set(NodeObject(80,6,12,1,1,3,4,6,0.18096565663995845), NodeObject(101,2,10,1,98,0,4,10,0.6075462708123635), NodeObject(300,3,11,1,63,3,6,17,0.17770270405406186))))
((0,173,Set(NodeObject(202,0,8,1,75,0,6,16,0.5374626921506088), NodeObject(275,1,2,1,91,0,4,3,0.8136429855489183), NodeObject(10,0,9,1,7,2,4,15,0.1180881744104385), NodeObject(102,1,4,1,70,0,6,18,0.23952862361111948))),(1,99,Set(NodeObject(158,0,9,1,15,3,1,18,0.6517704376276471))))
((0,173,Set(NodeObject(202,0,8,1,75,0,6,16,0.5374626921506088), NodeObject(275,1,2,1,91,0,4,3,0.8136429855489183), NodeObject(10,0,9,1,7,2,4,15,0.1180881744104385), NodeObject(102,1,4,1,70,0,6,18,0.23952862361111948))),(1,293,Set(NodeObject(284,0,8,1,90,3,4,8,0.6046590899577076), NodeObject(272,0,4,1,38,2,0,10,0.24028657113602458))))
((0,173,Set(NodeObject(202,0,8,1,75,0,6,16,0.5374626921506088), NodeObject(275,1,2,1,91,0,4,3,0.8136429855489183), NodeObject(10,0,9,1,7,2,4,15,0.1180881744104385), NodeObject(102,1,4,1,70,0,6,18,0.23952862361111948))),(1,100,Set(NodeObject(145,0,15,1,32,1,6,10,0.7930386323206524), NodeObject(39,1,13,1,93,0,0,9,0.055860053436300294), NodeObject(272,0,4,1,38,2,0,10,0.24028657113602458))))
((0,173,Set(NodeObject(202,0,8,1,75,0,6,16,0.5374626921506088), NodeObject(275,1,2,1,91,0,4,3,0.8136429855489183), NodeObject(10,0,9,1,7,2,4,15,0.1180881744104385), NodeObject(102,1,4,1,70,0,6,18,0.23952862361111948))),(1,144,Set(NodeObject(105,0,9,1,22,3,3,4,0.5125597121352857))))
((0,173,Set(NodeObject(202,0,8,1,75,0,6,16,0.5374626921506088), NodeObject(275,1,2,1,91,0,4,3,0.8136429855489183), NodeObject(10,0,9,1,7,2,4,15,0.1180881744104385), NodeObject(102,1,4,1,70,0,6,18,0.23952862361111948))),(1,164,Set(NodeObject(288,3,11,1,16,3,0,1,0.20690479873738865), NodeObject(279,1,6,1,83,0,4,12,0.9615392464812006))))
((0,173,Set(NodeObject(202,0,8,1,75,0,6,16,0.5374626921506088), NodeObject(275,1,2,1,91,0,4,3,0.8136429855489183), NodeObject(10,0,9,1,7,2,4,15,0.1180881744104385), NodeObject(102,1,4,1,70,0,6,18,0.23952862361111948))),(1,31,Set(NodeObject(287,4,7,1,18,1,2,5,0.18046639492221184), NodeObject(146,0,5,1,65,1,3,8,0.46471095572884646))))
((0,173,Set(NodeObject(202,0,8,1,75,0,6,16,0.5374626921506088), NodeObject(275,1,2,1,91,0,4,3,0.8136429855489183), NodeObject(10,0,9,1,7,2,4,15,0.1180881744104385), NodeObject(102,1,4,1,70,0,6,18,0.23952862361111948))),(1,83,Set(NodeObject(58,2,0,1,81,4,4,10,0.8446669683743516), NodeObject(216,3,11,1,50,2,4,8,0.9421049031096327))))
((0,173,Set(NodeObject(202,0,8,1,75,0,6,16,0.5374626921506088), NodeObject(275,1,2,1,91,0,4,3,0.8136429855489183), NodeObject(10,0,9,1,7,2,4,15,0.1180881744104385), NodeObject(102,1,4,1,70,0,6,18,0.23952862361111948))),(1,200,Set(NodeObject(71,6,1,1,41,4,1,1,0.1435323161874813), NodeObject(237,0,12,1,67,4,0,5,0.9418556242876609), NodeObject(207,2,10,1,2,1,5,5,0.20792816043927387))))
((0,173,Set(NodeObject(202,0,8,1,75,0,6,16,0.5374626921506088), NodeObject(275,1,2,1,91,0,4,3,0.8136429855489183), NodeObject(10,0,9,1,7,2,4,15,0.1180881744104385), NodeObject(102,1,4,1,70,0,6,18,0.23952862361111948))),(1,157,Set(NodeObject(219,6,2,1,39,0,0,16,0.6413282171902263), NodeObject(48,4,6,1,66,3,6,19,0.2333987438682762))))
((0,173,Set(NodeObject(202,0,8,1,75,0,6,16,0.5374626921506088), NodeObject(275,1,2,1,91,0,4,3,0.8136429855489183), NodeObject(10,0,9,1,7,2,4,15,0.1180881744104385), NodeObject(102,1,4,1,70,0,6,18,0.23952862361111948))),(1,163,Set(NodeObject(157,5,5,1,86,0,5,12,0.8951459146348227), NodeObject(177,1,8,1,84,4,6,18,0.44383147496053243))))
((0,173,Set(NodeObject(202,0,8,1,75,0,6,16,0.5374626921506088), NodeObject(275,1,2,1,91,0,4,3,0.8136429855489183), NodeObject(10,0,9,1,7,2,4,15,0.1180881744104385), NodeObject(102,1,4,1,70,0,6,18,0.23952862361111948))),(1,89,Set(NodeObject(237,0,12,1,67,4,0,5,0.9418556242876609), NodeObject(133,4,8,1,59,4,4,6,0.6396876156766765), NodeObject(96,5,6,1,99,0,4,6,0.5389493173623223), NodeObject(207,2,10,1,2,1,5,5,0.20792816043927387))))
((0,173,Set(NodeObject(202,0,8,1,75,0,6,16,0.5374626921506088), NodeObject(275,1,2,1,91,0,4,3,0.8136429855489183), NodeObject(10,0,9,1,7,2,4,15,0.1180881744104385), NodeObject(102,1,4,1,70,0,6,18,0.23952862361111948))),(1,98,Set(NodeObject(242,2,7,1,14,3,24,0,0.05536994330202394), NodeObject(177,1,8,1,84,4,6,18,0.44383147496053243))))
((0,173,Set(NodeObject(202,0,8,1,75,0,6,16,0.5374626921506088), NodeObject(275,1,2,1,91,0,4,3,0.8136429855489183), NodeObject(10,0,9,1,7,2,4,15,0.1180881744104385), NodeObject(102,1,4,1,70,0,6,18,0.23952862361111948))),(1,274,Set(NodeObject(13,4,0,1,98,3,2,5,0.7851478087384753))))
((0,173,Set(NodeObject(202,0,8,1,75,0,6,16,0.5374626921506088), NodeObject(275,1,2,1,91,0,4,3,0.8136429855489183), NodeObject(10,0,9,1,7,2,4,15,0.1180881744104385), NodeObject(102,1,4,1,70,0,6,18,0.23952862361111948))),(1,90,Set(NodeObject(239,3,0,1,24,3,1,0,0.29989015428413324))))
((0,173,Set(NodeObject(202,0,8,1,75,0,6,16,0.5374626921506088), NodeObject(275,1,2,1,91,0,4,3,0.8136429855489183), NodeObject(10,0,9,1,7,2,4,15,0.1180881744104385), NodeObject(102,1,4,1,70,0,6,18,0.23952862361111948))),(1,283,Set(NodeObject(189,5,18,1,8,3,5,8,0.7565141650577041))))
((0,173,Set(NodeObject(202,0,8,1,75,0,6,16,0.5374626921506088), NodeObject(275,1,2,1,91,0,4,3,0.8136429855489183), NodeObject(10,0,9,1,7,2,4,15,0.1180881744104385), NodeObject(102,1,4,1,70,0,6,18,0.23952862361111948))),(1,187,Set(NodeObject(28,6,5,1,14,4,4,7,0.7163457037980081), NodeObject(97,6,12,1,41,3,0,19,0.39699196785865276), NodeObject(258,3,12,1,99,1,3,9,0.5513988771447328), NodeObject(205,1,2,1,7,4,2,10,0.2569484494500991))))
((0,173,Set(NodeObject(202,0,8,1,75,0,6,16,0.5374626921506088), NodeObject(275,1,2,1,91,0,4,3,0.8136429855489183), NodeObject(10,0,9,1,7,2,4,15,0.1180881744104385), NodeObject(102,1,4,1,70,0,6,18,0.23952862361111948))),(1,97,Set(NodeObject(281,4,2,1,32,0,1,12,0.2743325433431649), NodeObject(205,1,2,1,7,4,2,10,0.2569484494500991))))
((0,173,Set(NodeObject(202,0,8,1,75,0,6,16,0.5374626921506088), NodeObject(275,1,2,1,91,0,4,3,0.8136429855489183), NodeObject(10,0,9,1,7,2,4,15,0.1180881744104385), NodeObject(102,1,4,1,70,0,6,18,0.23952862361111948))),(1,13,Set(NodeObject(0,0,10,1,45,2,1,4,0.9652635676061158))))
((0,173,Set(NodeObject(202,0,8,1,75,0,6,16,0.5374626921506088), NodeObject(275,1,2,1,91,0,4,3,0.8136429855489183), NodeObject(10,0,9,1,7,2,4,15,0.1180881744104385), NodeObject(102,1,4,1,70,0,6,18,0.23952862361111948))),(1,80,Set(NodeObject(132,0,16,1,99,0,5,1,0.3023265229224614))))
((0,173,Set(NodeObject(202,0,8,1,75,0,6,16,0.5374626921506088), NodeObject(275,1,2,1,91,0,4,3,0.8136429855489183), NodeObject(10,0,9,1,7,2,4,15,0.1180881744104385), NodeObject(102,1,4,1,70,0,6,18,0.23952862361111948))),(1,222,Set(NodeObject(135,5,0,1,54,1,2,11,0.21288993760265318))))
((0,173,Set(NodeObject(202,0,8,1,75,0,6,16,0.5374626921506088), NodeObject(275,1,2,1,91,0,4,3,0.8136429855489183), NodeObject(10,0,9,1,7,2,4,15,0.1180881744104385), NodeObject(102,1,4,1,70,0,6,18,0.23952862361111948))),(1,207,Set(NodeObject(166,3,10,1,70,2,1,7,0.7634851104433601), NodeObject(185,3,5,1,2,0,5,3,0.8675849968971744))))
((0,173,Set(NodeObject(202,0,8,1,75,0,6,16,0.5374626921506088), NodeObject(275,1,2,1,91,0,4,3,0.8136429855489183), NodeObject(10,0,9,1,7,2,4,15,0.1180881744104385), NodeObject(102,1,4,1,70,0,6,18,0.23952862361111948))),(1,95,Set(NodeObject(131,2,1,1,93,4,6,14,0.23762348691619806), NodeObject(266,3,0,1,29,1,2,14,0.5339662548672233), NodeObject(93,3,8,1,4,2,7,2,0.35727371478583747), NodeObject(190,0,13,1,32,2,0,12,0.33089292787026614))))
((0,173,Set(NodeObject(202,0,8,1,75,0,6,16,0.5374626921506088), NodeObject(275,1,2,1,91,0,4,3,0.8136429855489183), NodeObject(10,0,9,1,7,2,4,15,0.1180881744104385), NodeObject(102,1,4,1,70,0,6,18,0.23952862361111948))),(1,240,Set(NodeObject(245,0,9,1,2,0,5,0,0.7156641236074635))))
((0,173,Set(NodeObject(202,0,8,1,75,0,6,16,0.5374626921506088), NodeObject(275,1,2,1,91,0,4,3,0.8136429855489183), NodeObject(10,0,9,1,7,2,4,15,0.1180881744104385), NodeObject(102,1,4,1,70,0,6,18,0.23952862361111948))),(1,40,Set(NodeObject(26,3,0,1,56,4,3,11,0.24513665009314312), NodeObject(23,2,18,1,69,0,0,12,0.5022451706440895))))
((0,173,Set(NodeObject(202,0,8,1,75,0,6,16,0.5374626921506088), NodeObject(275,1,2,1,91,0,4,3,0.8136429855489183), NodeObject(10,0,9,1,7,2,4,15,0.1180881744104385), NodeObject(102,1,4,1,70,0,6,18,0.23952862361111948))),(1,257,Set(NodeObject(190,0,13,1,32,2,0,12,0.33089292787026614))))
((0,173,Set(NodeObject(202,0,8,1,75,0,6,16,0.5374626921506088), NodeObject(275,1,2,1,91,0,4,3,0.8136429855489183), NodeObject(10,0,9,1,7,2,4,15,0.1180881744104385), NodeObject(102,1,4,1,70,0,6,18,0.23952862361111948))),(1,270,Set(NodeObject(176,0,8,1,55,2,3,2,0.5548406393814161))))
((0,173,Set(NodeObject(202,0,8,1,75,0,6,16,0.5374626921506088), NodeObject(275,1,2,1,91,0,4,3,0.8136429855489183), NodeObject(10,0,9,1,7,2,4,15,0.1180881744104385), NodeObject(102,1,4,1,70,0,6,18,0.23952862361111948))),(1,133,Set(NodeObject(89,0,11,1,39,1,1,9,0.6442359221198528), NodeObject(111,1,19,1,48,3,3,6,0.12210643794709819))))
((0,173,Set(NodeObject(202,0,8,1,75,0,6,16,0.5374626921506088), NodeObject(275,1,2,1,91,0,4,3,0.8136429855489183), NodeObject(10,0,9,1,7,2,4,15,0.1180881744104385), NodeObject(102,1,4,1,70,0,6,18,0.23952862361111948))),(1,280,Set(NodeObject(127,2,11,1,74,0,2,11,0.6541811389201564), NodeObject(158,0,9,1,15,3,1,18,0.6517704376276471), NodeObject(188,1,9,1,43,0,3,10,0.5953262628923365))))
((0,173,Set(NodeObject(202,0,8,1,75,0,6,16,0.5374626921506088), NodeObject(275,1,2,1,91,0,4,3,0.8136429855489183), NodeObject(10,0,9,1,7,2,4,15,0.1180881744104385), NodeObject(102,1,4,1,70,0,6,18,0.23952862361111948))),(1,197,Set(NodeObject(260,1,11,1,18,2,4,3,0.7380331632137932), NodeObject(125,3,15,1,0,1,0,14,0.9581822851556454))))
((0,173,Set(NodeObject(202,0,8,1,75,0,6,16,0.5374626921506088), NodeObject(275,1,2,1,91,0,4,3,0.8136429855489183), NodeObject(10,0,9,1,7,2,4,15,0.1180881744104385), NodeObject(102,1,4,1,70,0,6,18,0.23952862361111948))),(1,238,Set(NodeObject(241,2,7,1,30,1,6,16,0.191495094409046))))
((0,173,Set(NodeObject(202,0,8,1,75,0,6,16,0.5374626921506088), NodeObject(275,1,2,1,91,0,4,3,0.8136429855489183), NodeObject(10,0,9,1,7,2,4,15,0.1180881744104385), NodeObject(102,1,4,1,70,0,6,18,0.23952862361111948))),(1,26,Set(NodeObject(195,6,5,1,1,1,0,11,0.8851991136692464), NodeObject(178,4,17,1,98,1,6,7,0.48030370885711904))))
((0,173,Set(NodeObject(202,0,8,1,75,0,6,16,0.5374626921506088), NodeObject(275,1,2,1,91,0,4,3,0.8136429855489183), NodeObject(10,0,9,1,7,2,4,15,0.1180881744104385), NodeObject(102,1,4,1,70,0,6,18,0.23952862361111948))),(1,247,Set(NodeObject(104,0,12,1,99,3,3,0,0.021705382348029767))))
((0,173,Set(NodeObject(202,0,8,1,75,0,6,16,0.5374626921506088), NodeObject(275,1,2,1,91,0,4,3,0.8136429855489183), NodeObject(10,0,9,1,7,2,4,15,0.1180881744104385), NodeObject(102,1,4,1,70,0,6,18,0.23952862361111948))),(1,289,Set(NodeObject(263,1,9,1,25,1,3,18,0.8335904171203421), NodeObject(7,3,11,1,50,3,3,1,0.45139704251563917))))
((0,173,Set(NodeObject(202,0,8,1,75,0,6,16,0.5374626921506088), NodeObject(275,1,2,1,91,0,4,3,0.8136429855489183), NodeObject(10,0,9,1,7,2,4,15,0.1180881744104385), NodeObject(102,1,4,1,70,0,6,18,0.23952862361111948))),(1,221,Set()))
((0,173,Set(NodeObject(202,0,8,1,75,0,6,16,0.5374626921506088), NodeObject(275,1,2,1,91,0,4,3,0.8136429855489183), NodeObject(10,0,9,1,7,2,4,15,0.1180881744104385), NodeObject(102,1,4,1,70,0,6,18,0.23952862361111948))),(1,103,Set(NodeObject(245,0,9,1,2,0,5,0,0.7156641236074635), NodeObject(102,1,4,1,70,0,6,18,0.23952862361111948), NodeObject(151,3,5,1,12,4,1,2,0.14394473032215738))))
((0,173,Set(NodeObject(202,0,8,1,75,0,6,16,0.5374626921506088), NodeObject(275,1,2,1,91,0,4,3,0.8136429855489183), NodeObject(10,0,9,1,7,2,4,15,0.1180881744104385), NodeObject(102,1,4,1,70,0,6,18,0.23952862361111948))),(1,296,Set(NodeObject(27,6,2,1,43,3,4,6,0.7866804301410842), NodeObject(248,0,5,1,97,2,3,8,0.44338656123542797))))
((0,173,Set(NodeObject(202,0,8,1,75,0,6,16,0.5374626921506088), NodeObject(275,1,2,1,91,0,4,3,0.8136429855489183), NodeObject(10,0,9,1,7,2,4,15,0.1180881744104385), NodeObject(102,1,4,1,70,0,6,18,0.23952862361111948))),(1,117,Set(NodeObject(295,0,2,1,19,2,5,18,0.8864750595918444))))
((0,173,Set(NodeObject(202,0,8,1,75,0,6,16,0.5374626921506088), NodeObject(275,1,2,1,91,0,4,3,0.8136429855489183), NodeObject(10,0,9,1,7,2,4,15,0.1180881744104385), NodeObject(102,1,4,1,70,0,6,18,0.23952862361111948))),(1,237,Set(NodeObject(118,6,3,1,3,2,3,13,0.31835666120649697), NodeObject(268,1,14,1,23,1,3,7,0.9938222881671711))))
((0,173,Set(NodeObject(202,0,8,1,75,0,6,16,0.5374626921506088), NodeObject(275,1,2,1,91,0,4,3,0.8136429855489183), NodeObject(10,0,9,1,7,2,4,15,0.1180881744104385), NodeObject(102,1,4,1,70,0,6,18,0.23952862361111948))),(1,281,Set(NodeObject(100,5,9,1,22,3,2,0,0.33180799687858953))))
((0,173,Set(NodeObject(202,0,8,1,75,0,6,16,0.5374626921506088), NodeObject(275,1,2,1,91,0,4,3,0.8136429855489183), NodeObject(10,0,9,1,7,2,4,15,0.1180881744104385), NodeObject(102,1,4,1,70,0,6,18,0.23952862361111948))),(1,85,Set(NodeObject(48,4,6,1,66,3,6,19,0.2333987438682762), NodeObject(36,0,11,1,17,4,0,19,0.37586258253301874))))
((0,173,Set(NodeObject(202,0,8,1,75,0,6,16,0.5374626921506088), NodeObject(275,1,2,1,91,0,4,3,0.8136429855489183), NodeObject(10,0,9,1,7,2,4,15,0.1180881744104385), NodeObject(102,1,4,1,70,0,6,18,0.23952862361111948))),(1,116,Set(NodeObject(103,0,12,1,72,1,6,19,0.9198975134450764))))
((0,173,Set(NodeObject(202,0,8,1,75,0,6,16,0.5374626921506088), NodeObject(275,1,2,1,91,0,4,3,0.8136429855489183), NodeObject(10,0,9,1,7,2,4,15,0.1180881744104385), NodeObject(102,1,4,1,70,0,6,18,0.23952862361111948))),(1,112,Set(NodeObject(197,5,13,1,89,3,5,0,0.7495850031956046), NodeObject(169,0,17,1,53,3,4,16,0.9989123964847972))))
((0,173,Set(NodeObject(202,0,8,1,75,0,6,16,0.5374626921506088), NodeObject(275,1,2,1,91,0,4,3,0.8136429855489183), NodeObject(10,0,9,1,7,2,4,15,0.1180881744104385), NodeObject(102,1,4,1,70,0,6,18,0.23952862361111948))),(1,236,Set(NodeObject(130,3,4,1,6,0,5,1,0.7214623539992844), NodeObject(161,6,0,1,21,1,6,19,0.38259536881300105))))