((0,35,ListBuffer(NodeObject(35,5,19,1,78,3,4,16,0.16432876881334857), NodeObject(174,1,4,1,49,0,0,19,0.23324970179169102))),(1,54,ListBuffer(NodeObject(54,3,8,1,87,3,2,11,0.23436905595581414), NodeObject(39,1,13,1,93,0,0,9,0.055860053436300294))))
((0,35,ListBuffer(NodeObject(35,5,19,1,78,3,4,16,0.16432876881334857), NodeObject(174,1,4,1,49,0,0,19,0.23324970179169102))),(1,244,ListBuffer(NodeObject(244,0,14,1,89,1,0,16,0.24888657731540142), NodeObject(61,3,12,1,30,3,3,10,0.49087066243300226), NodeObject(80,6,12,1,1,3,4,6,0.18096565663995845), NodeObject(9,5,5,1,28,2,4,8,0.712517344928183))))
((0,35,ListBuffer(NodeObject(35,5,19,1,78,3,4,16,0.16432876881334857), NodeObject(174,1,4,1,49,0,0,19,0.23324970179169102))),(1,20,ListBuffer(NodeObject(20,0,16,1,60,4,6,15,0.7050866465889827), NodeObject(164,1,8,1,57,0,1,7,0.1030965691926169), NodeObject(98,4,5,1,82,4,6,7,0.8599375454493634))))
((0,35,ListBuffer(NodeObject(35,5,19,1,78,3,4,16,0.16432876881334857), NodeObject(174,1,4,1,49,0,0,19,0.23324970179169102))),(1,301,ListBuffer(NodeObject(301,6,16,1,81,3,4,11,0.4103639087626404), NodeObject(283,6,11,1,57,4,4,1,0.5654282558594093))))
((0,35,ListBuffer(NodeObject(35,5,19,1,78,3,4,16,0.16432876881334857), NodeObject(174,1,4,1,49,0,0,19,0.23324970179169102))),(1,66,ListBuffer(NodeObject(66,4,12,1,26,4,4,18,0.6972051130081246), NodeObject(216,3,11,1,50,2,4,8,0.9421049031096327), NodeObject(32,3,8,1,39,1,4,0,0.6555937261797709))))
((0,35,ListBuffer(NodeObject(35,5,19,1,78,3,4,16,0.16432876881334857), NodeObject(174,1,4,1,49,0,0,19,0.23324970179169102))),(1,124,ListBuffer(NodeObject(124,1,0,1,0,3,0,3,0.23360191226310767), NodeObject(232,2,16,1,88,3,69,2,0.09765191959747099), NodeObject(25,1,16,1,90,0,1,10,0.1194826707110691))))
((0,35,ListBuffer(NodeObject(35,5,19,1,78,3,4,16,0.16432876881334857), NodeObject(174,1,4,1,49,0,0,19,0.23324970179169102))),(1,224,ListBuffer(NodeObject(224,5,17,1,73,4,1,9,0.004678488672908765), NodeObject(56,0,5,1,12,2,0,18,0.4190514618435208))))
((0,35,ListBuffer(NodeObject(35,5,19,1,78,3,4,16,0.16432876881334857), NodeObject(174,1,4,1,49,0,0,19,0.23324970179169102))),(1,270,ListBuffer(NodeObject(270,2,3,1,56,4,0,17,0.7027490741968846), NodeObject(176,0,8,1,55,2,3,2,0.5548406393814161))))
((0,35,ListBuffer(NodeObject(35,5,19,1,78,3,4,16,0.16432876881334857), NodeObject(174,1,4,1,49,0,0,19,0.23324970179169102))),(1,78,ListBuffer(NodeObject(78,1,7,1,23,3,1,4,0.8968257441243787), NodeObject(69,2,13,1,15,3,4,17,0.2406160682540136))))
((0,35,ListBuffer(NodeObject(35,5,19,1,78,3,4,16,0.16432876881334857), NodeObject(174,1,4,1,49,0,0,19,0.23324970179169102))),(1,147,ListBuffer(NodeObject(147,3,19,1,28,1,6,19,0.4429194871894966), NodeObject(122,6,19,1,94,3,3,17,0.2439855463416427))))
((0,35,ListBuffer(NodeObject(35,5,19,1,78,3,4,16,0.16432876881334857), NodeObject(174,1,4,1,49,0,0,19,0.23324970179169102))),(1,156,ListBuffer(NodeObject(156,1,6,1,34,0,0,3,0.36477327582258434), NodeObject(220,6,10,1,6,3,0,18,0.7196977636705338), NodeObject(280,1,7,1,21,3,6,10,0.16202006706380923), NodeObject(236,3,9,1,68,4,0,7,0.4852252168974961), NodeObject(5,5,15,1,63,0,5,15,0.6192457674838601))))
((0,35,ListBuffer(NodeObject(35,5,19,1,78,3,4,16,0.16432876881334857), NodeObject(174,1,4,1,49,0,0,19,0.23324970179169102))),(1,115,ListBuffer(NodeObject(115,2,13,1,79,0,5,5,0.6757717782676228), NodeObject(182,3,18,1,19,0,0,8,0.9812554382396235), NodeObject(270,2,3,1,56,4,0,17,0.7027490741968846))))
((0,35,ListBuffer(NodeObject(35,5,19,1,78,3,4,16,0.16432876881334857), NodeObject(174,1,4,1,49,0,0,19,0.23324970179169102))),(1,209,ListBuffer(NodeObject(209,2,11,1,71,2,0,11,0.07288482197290336), NodeObject(12,3,8,1,71,0,5,4,0.622351482070857))))
((0,35,ListBuffer(NodeObject(35,5,19,1,78,3,4,16,0.16432876881334857), NodeObject(174,1,4,1,49,0,0,19,0.23324970179169102))),(1,28,ListBuffer(NodeObject(28,6,5,1,14,4,4,7,0.7163457037980081), NodeObject(8,0,7,1,54,1,4,18,0.14269710794646118), NodeObject(60,2,15,1,78,3,4,1,0.8160506570039586))))
((0,35,ListBuffer(NodeObject(35,5,19,1,78,3,4,16,0.16432876881334857), NodeObject(174,1,4,1,49,0,0,19,0.23324970179169102))),(1,17,ListBuffer(NodeObject(17,3,4,1,40,4,1,15,0.9333303782597655), NodeObject(235,4,7,1,18,2,3,15,0.6324122313178578), NodeObject(27,6,2,1,43,3,4,6,0.7866804301410842))))
((0,35,ListBuffer(NodeObject(35,5,19,1,78,3,4,16,0.16432876881334857), NodeObject(174,1,4,1,49,0,0,19,0.23324970179169102))),(1,10,ListBuffer(NodeObject(10,0,9,1,7,2,4,15,0.1180881744104385), NodeObject(153,3,14,1,40,1,1,13,0.6703780300064571))))
((0,35,ListBuffer(NodeObject(35,5,19,1,78,3,4,16,0.16432876881334857), NodeObject(174,1,4,1,49,0,0,19,0.23324970179169102))),(1,110,ListBuffer(NodeObject(110,0,17,1,68,0,6,2,0.9798287657694199), NodeObject(148,5,15,1,32,3,0,3,0.6369535283124794), NodeObject(8,0,7,1,54,1,4,18,0.14269710794646118), NodeObject(35,5,19,1,78,3,4,16,0.16432876881334857))))
((0,35,ListBuffer(NodeObject(35,5,19,1,78,3,4,16,0.16432876881334857), NodeObject(174,1,4,1,49,0,0,19,0.23324970179169102))),(1,293,ListBuffer(NodeObject(293,5,0,1,23,1,4,8,0.4862188054634107), NodeObject(284,0,8,1,90,3,4,8,0.6046590899577076), NodeObject(272,0,4,1,38,2,0,10,0.24028657113602458))))
((0,35,ListBuffer(NodeObject(35,5,19,1,78,3,4,16,0.16432876881334857), NodeObject(174,1,4,1,49,0,0,19,0.23324970179169102))),(1,69,ListBuffer(NodeObject(69,2,13,1,15,3,4,17,0.2406160682540136), NodeObject(176,0,8,1,55,2,3,2,0.5548406393814161))))
((0,35,ListBuffer(NodeObject(35,5,19,1,78,3,4,16,0.16432876881334857), NodeObject(174,1,4,1,49,0,0,19,0.23324970179169102))),(1,266,ListBuffer(NodeObject(266,3,0,1,29,1,2,14,0.5339662548672233), NodeObject(28,6,5,1,14,4,4,7,0.7163457037980081), NodeObject(76,2,11,1,79,1,4,4,0.31130365097418844), NodeObject(152,6,11,1,4,4,1,1,0.5021085179675306))))
((0,35,ListBuffer(NodeObject(35,5,19,1,78,3,4,16,0.16432876881334857), NodeObject(174,1,4,1,49,0,0,19,0.23324970179169102))),(1,226,ListBuffer(NodeObject(226,6,1,1,2,4,3,4,0.6088026835367063), NodeObject(282,6,0,1,74,0,0,7,0.7219943139330425))))
((0,35,ListBuffer(NodeObject(35,5,19,1,78,3,4,16,0.16432876881334857), NodeObject(174,1,4,1,49,0,0,19,0.23324970179169102))),(1,239,ListBuffer(NodeObject(239,3,0,1,24,3,1,0,0.29989015428413324), NodeObject(166,3,10,1,70,2,1,7,0.7634851104433601), NodeObject(195,6,5,1,1,1,0,11,0.8851991136692464))))
((0,35,ListBuffer(NodeObject(35,5,19,1,78,3,4,16,0.16432876881334857), NodeObject(174,1,4,1,49,0,0,19,0.23324970179169102))),(1,50,ListBuffer(NodeObject(50,1,7,1,60,3,1,5,0.9353800408206029), NodeObject(61,3,12,1,30,3,3,10,0.49087066243300226), NodeObject(34,0,14,1,18,2,17,5,0.3084504498680779))))
((0,35,ListBuffer(NodeObject(35,5,19,1,78,3,4,16,0.16432876881334857), NodeObject(174,1,4,1,49,0,0,19,0.23324970179169102))),(1,56,ListBuffer(NodeObject(56,0,5,1,12,2,0,18,0.4190514618435208), NodeObject(103,0,12,1,72,1,6,19,0.9198975134450764), NodeObject(286,5,12,1,41,4,3,11,0.008580588069627915), NodeObject(263,1,9,1,25,1,3,18,0.8335904171203421))))
((0,35,ListBuffer(NodeObject(35,5,19,1,78,3,4,16,0.16432876881334857), NodeObject(174,1,4,1,49,0,0,19,0.23324970179169102))),(1,176,ListBuffer(NodeObject(176,0,8,1,55,2,3,2,0.5548406393814161), NodeObject(281,4,2,1,32,0,1,12,0.2743325433431649), NodeObject(155,5,14,1,30,1,2,3,0.3156684543017638))))
((0,35,ListBuffer(NodeObject(35,5,19,1,78,3,4,16,0.16432876881334857), NodeObject(174,1,4,1,49,0,0,19,0.23324970179169102))),(1,180,ListBuffer(NodeObject(180,0,13,1,44,1,5,1,0.46188545594069064), NodeObject(178,4,17,1,98,1,6,7,0.48030370885711904), NodeObject(263,1,9,1,25,1,3,18,0.8335904171203421), NodeObject(136,1,11,1,83,3,4,16,0.8938649159539533), NodeObject(289,3,17,1,98,1,4,12,0.4728306860110938))))
((0,35,ListBuffer(NodeObject(35,5,19,1,78,3,4,16,0.16432876881334857), NodeObject(174,1,4,1,49,0,0,19,0.23324970179169102))),(1,262,ListBuffer(NodeObject(262,5,14,1,17,1,3,19,0.9877226615954543), NodeObject(253,3,14,1,98,0,6,9,0.14029874829570255))))
((0,35,ListBuffer(NodeObject(35,5,19,1,78,3,4,16,0.16432876881334857), NodeObject(174,1,4,1,49,0,0,19,0.23324970179169102))),(1,8,ListBuffer(NodeObject(8,0,7,1,54,1,4,18,0.14269710794646118), NodeObject(189,5,18,1,8,3,5,8,0.7565141650577041), NodeObject(35,5,19,1,78,3,4,16,0.16432876881334857))))
((0,35,ListBuffer(NodeObject(35,5,19,1,78,3,4,16,0.16432876881334857), NodeObject(174,1,4,1,49,0,0,19,0.23324970179169102))),(1,134,ListBuffer(NodeObject(134,0,1,1,27,3,0,14,0.3886484741016729), NodeObject(193,2,5,1,1,0,6,16,0.9723040165952425), NodeObject(267,2,10,1,1,4,6,8,0.5374161482288754))))
((0,35,ListBuffer(NodeObject(35,5,19,1,78,3,4,16,0.16432876881334857), NodeObject(174,1,4,1,49,0,0,19,0.23324970179169102))),(1,230,ListBuffer(NodeObject(230,5,0,1,35,3,4,15,0.8618341650964229), NodeObject(31,3,4,1,74,4,2,5,0.08470506811725265))))
((0,35,ListBuffer(NodeObject(35,5,19,1,78,3,4,16,0.16432876881334857), NodeObject(174,1,4,1,49,0,0,19,0.23324970179169102))),(1,309,ListBuffer(NodeObject(309,4,11,1,3,3,5,3,0.46612567583106457), NodeObject(138,5,18,1,92,3,0,3,0.7757804385898781))))
((0,35,ListBuffer(NodeObject(35,5,19,1,78,3,4,16,0.16432876881334857), NodeObject(174,1,4,1,49,0,0,19,0.23324970179169102))),(1,128,ListBuffer(NodeObject(128,5,5,1,76,4,2,12,0.13310427010485126), NodeObject(61,3,12,1,30,3,3,10,0.49087066243300226))))
((0,35,ListBuffer(NodeObject(35,5,19,1,78,3,4,16,0.16432876881334857), NodeObject(174,1,4,1,49,0,0,19,0.23324970179169102))),(1,125,ListBuffer(NodeObject(125,3,15,1,0,1,0,14,0.9581822851556454), NodeObject(212,6,0,1,62,3,3,19,0.7794249966890704))))
((0,35,ListBuffer(NodeObject(35,5,19,1,78,3,4,16,0.16432876881334857), NodeObject(174,1,4,1,49,0,0,19,0.23324970179169102))),(1,32,ListBuffer(NodeObject(32,3,8,1,39,1,4,0,0.6555937261797709), NodeObject(168,2,15,1,6,0,6,17,0.19479528269298385), NodeObject(136,1,11,1,83,3,4,16,0.8938649159539533), NodeObject(289,3,17,1,98,1,4,12,0.4728306860110938))))
((0,35,ListBuffer(NodeObject(35,5,19,1,78,3,4,16,0.16432876881334857), NodeObject(174,1,4,1,49,0,0,19,0.23324970179169102))),(1,11,ListBuffer(NodeObject(11,6,0,1,34,3,0,18,0.6036584938254841), NodeObject(80,6,12,1,1,3,4,6,0.18096565663995845), NodeObject(101,2,10,1,98,0,4,10,0.6075462708123635), NodeObject(300,3,11,1,63,3,6,17,0.17770270405406186))))
((0,35,ListBuffer(NodeObject(35,5,19,1,78,3,4,16,0.16432876881334857), NodeObject(174,1,4,1,49,0,0,19,0.23324970179169102))),(1,1,ListBuffer(NodeObject(1,2,13,1,3,0,0,12,0.6743744664465373), NodeObject(172,6,6,1,69,0,6,11,0.34065211918813054), NodeObject(243,0,18,1,80,3,0,9,0.25343794789063345))))
((0,35,ListBuffer(NodeObject(35,5,19,1,78,3,4,16,0.16432876881334857), NodeObject(174,1,4,1,49,0,0,19,0.23324970179169102))),(1,143,ListBuffer(NodeObject(143,4,7,1,64,3,6,17,0.41993205334358996), NodeObject(45,4,12,1,44,3,5,19,0.6350901989511605))))
((0,35,ListBuffer(NodeObject(35,5,19,1,78,3,4,16,0.16432876881334857), NodeObject(174,1,4,1,49,0,0,19,0.23324970179169102))),(1,71,ListBuffer(NodeObject(71,6,1,1,41,4,1,1,0.1435323161874813), NodeObject(255,2,11,1,86,2,4,16,0.6496819984950584))))
((0,35,ListBuffer(NodeObject(35,5,19,1,78,3,4,16,0.16432876881334857), NodeObject(174,1,4,1,49,0,0,19,0.23324970179169102))),(1,275,ListBuffer(NodeObject(275,1,2,1,91,0,4,3,0.8136429855489183), NodeObject(166,3,10,1,70,2,1,7,0.7634851104433601), NodeObject(136,1,11,1,83,3,4,16,0.8938649159539533), NodeObject(91,2,15,1,62,1,0,0,0.1975574205869246))))
((0,35,ListBuffer(NodeObject(35,5,19,1,78,3,4,16,0.16432876881334857), NodeObject(174,1,4,1,49,0,0,19,0.23324970179169102))),(1,80,ListBuffer(NodeObject(80,6,12,1,1,3,4,6,0.18096565663995845), NodeObject(132,0,16,1,99,0,5,1,0.3023265229224614))))
((0,35,ListBuffer(NodeObject(35,5,19,1,78,3,4,16,0.16432876881334857), NodeObject(174,1,4,1,49,0,0,19,0.23324970179169102))),(1,75,ListBuffer(NodeObject(75,1,15,1,41,4,0,0,0.7585057510063866), NodeObject(113,3,15,1,69,4,2,10,0.13632418900813015), NodeObject(216,3,11,1,50,2,4,8,0.9421049031096327))))
((0,35,ListBuffer(NodeObject(35,5,19,1,78,3,4,16,0.16432876881334857), NodeObject(174,1,4,1,49,0,0,19,0.23324970179169102))),(1,248,ListBuffer(NodeObject(248,0,5,1,97,2,3,8,0.44338656123542797), NodeObject(14,0,6,1,72,4,5,12,0.8243460497722671), NodeObject(295,0,2,1,19,2,5,18,0.8864750595918444))))
((0,35,ListBuffer(NodeObject(35,5,19,1,78,3,4,16,0.16432876881334857), NodeObject(174,1,4,1,49,0,0,19,0.23324970179169102))),(1,107,ListBuffer(NodeObject(107,5,16,1,45,4,5,5,0.4023886687304321), NodeObject(130,3,4,1,6,0,5,1,0.7214623539992844), NodeObject(271,3,1,1,13,0,0,15,0.6396613363513571))))
((0,35,ListBuffer(NodeObject(35,5,19,1,78,3,4,16,0.16432876881334857), NodeObject(174,1,4,1,49,0,0,19,0.23324970179169102))),(1,120,ListBuffer(NodeObject(120,2,10,1,99,4,5,3,0.6433629506671606), NodeObject(254,4,10,1,87,2,6,8,0.367727195182906), NodeObject(178,4,17,1,98,1,6,7,0.48030370885711904))))
((0,35,ListBuffer(NodeObject(35,5,19,1,78,3,4,16,0.16432876881334857), NodeObject(174,1,4,1,49,0,0,19,0.23324970179169102))),(1,278,ListBuffer(NodeObject(278,4,7,1,4,4,3,15,0.7514548918736694), NodeObject(237,0,12,1,67,4,0,5,0.9418556242876609), NodeObject(211,5,12,1,81,0,5,9,0.024666488118950447))))
((0,35,ListBuffer(NodeObject(35,5,19,1,78,3,4,16,0.16432876881334857), NodeObject(174,1,4,1,49,0,0,19,0.23324970179169102))),(1,94,ListBuffer(NodeObject(94,1,18,1,25,0,4,0,0.634393864355721), NodeObject(90,1,6,1,86,0,0,8,0.8370929738463833), NodeObject(18,1,1,1,41,1,4,12,0.45107328224217336))))
((0,35,ListBuffer(NodeObject(35,5,19,1,78,3,4,16,0.16432876881334857), NodeObject(174,1,4,1,49,0,0,19,0.23324970179169102))),(1,280,ListBuffer(NodeObject(280,1,7,1,21,3,6,10,0.16202006706380923), NodeObject(127,2,11,1,74,0,2,11,0.6541811389201564), NodeObject(158,0,9,1,15,3,1,18,0.6517704376276471), NodeObject(188,1,9,1,43,0,3,10,0.5953262628923365))))
((0,35,ListBuffer(NodeObject(35,5,19,1,78,3,4,16,0.16432876881334857), NodeObject(174,1,4,1,49,0,0,19,0.23324970179169102))),(1,133,ListBuffer(NodeObject(133,4,8,1,59,4,4,6,0.6396876156766765), NodeObject(89,0,11,1,39,1,1,9,0.6442359221198528), NodeObject(111,1,19,1,48,3,3,6,0.12210643794709819))))
((0,35,ListBuffer(NodeObject(35,5,19,1,78,3,4,16,0.16432876881334857), NodeObject(174,1,4,1,49,0,0,19,0.23324970179169102))),(1,187,ListBuffer(NodeObject(187,3,5,1,21,0,3,6,0.8710435988171816), NodeObject(28,6,5,1,14,4,4,7,0.7163457037980081), NodeObject(97,6,12,1,41,3,0,19,0.39699196785865276), NodeObject(258,3,12,1,99,1,3,9,0.5513988771447328), NodeObject(205,1,2,1,7,4,2,10,0.2569484494500991))))
((0,35,ListBuffer(NodeObject(35,5,19,1,78,3,4,16,0.16432876881334857), NodeObject(174,1,4,1,49,0,0,19,0.23324970179169102))),(1,182,ListBuffer(NodeObject(182,3,18,1,19,0,0,8,0.9812554382396235), NodeObject(63,2,12,1,3,0,4,10,0.4067089353894199), NodeObject(231,0,11,1,11,0,6,13,0.05257435045390313), NodeObject(235,4,7,1,18,2,3,15,0.6324122313178578))))
((0,35,ListBuffer(NodeObject(35,5,19,1,78,3,4,16,0.16432876881334857), NodeObject(174,1,4,1,49,0,0,19,0.23324970179169102))),(1,310,ListBuffer(NodeObject(310,0,9,1,35,4,3,12,0.3379866656309116), NodeObject(240,5,19,1,54,2,5,18,0.8776017346359588))))
((0,35,ListBuffer(NodeObject(35,5,19,1,78,3,4,16,0.16432876881334857), NodeObject(174,1,4,1,49,0,0,19,0.23324970179169102))),(1,47,ListBuffer(NodeObject(47,0,5,1,56,1,3,4,0.7995452658076826), NodeObject(19,6,14,1,86,4,6,15,0.601904169250919), NodeObject(203,2,11,1,5,0,3,19,0.8794453712138848))))
((0,35,ListBuffer(NodeObject(35,5,19,1,78,3,4,16,0.16432876881334857), NodeObject(174,1,4,1,49,0,0,19,0.23324970179169102))),(1,108,ListBuffer(NodeObject(108,5,10,1,10,4,3,5,0.5138336386758268), NodeObject(215,4,17,1,82,3,4,19,0.9784497306397085))))
((0,35,ListBuffer(NodeObject(35,5,19,1,78,3,4,16,0.16432876881334857), NodeObject(174,1,4,1,49,0,0,19,0.23324970179169102))),(1,159,ListBuffer(NodeObject(159,2,5,1,62,1,6,3,0.8023570778570329), NodeObject(21,2,14,1,34,2,5,1,0.9445028144032969))))
((0,35,ListBuffer(NodeObject(35,5,19,1,78,3,4,16,0.16432876881334857), NodeObject(174,1,4,1,49,0,0,19,0.23324970179169102))),(1,86,ListBuffer(NodeObject(86,2,8,1,51,4,63,14,0.6759314882555222), NodeObject(133,4,8,1,59,4,4,6,0.6396876156766765), NodeObject(275,1,2,1,91,0,4,3,0.8136429855489183), NodeObject(283,6,11,1,57,4,4,1,0.5654282558594093))))
((0,35,ListBuffer(NodeObject(35,5,19,1,78,3,4,16,0.16432876881334857), NodeObject(174,1,4,1,49,0,0,19,0.23324970179169102))),(1,39,ListBuffer(NodeObject(39,1,13,1,93,0,0,9,0.055860053436300294), NodeObject(264,5,7,1,19,2,4,3,0.612141909365066))))
((0,35,ListBuffer(NodeObject(35,5,19,1,78,3,4,16,0.16432876881334857), NodeObject(174,1,4,1,49,0,0,19,0.23324970179169102))),(1,216,ListBuffer(NodeObject(216,3,11,1,50,2,4,8,0.9421049031096327), NodeObject(258,3,12,1,99,1,3,9,0.5513988771447328))))
((0,35,ListBuffer(NodeObject(35,5,19,1,78,3,4,16,0.16432876881334857), NodeObject(174,1,4,1,49,0,0,19,0.23324970179169102))),(1,29,ListBuffer(NodeObject(29,6,12,1,90,3,3,9,0.8913685595241124), NodeObject(166,3,10,1,70,2,1,7,0.7634851104433601), NodeObject(240,5,19,1,54,2,5,18,0.8776017346359588), NodeObject(275,1,2,1,91,0,4,3,0.8136429855489183))))
((0,35,ListBuffer(NodeObject(35,5,19,1,78,3,4,16,0.16432876881334857), NodeObject(174,1,4,1,49,0,0,19,0.23324970179169102))),(1,305,ListBuffer(NodeObject(305,3,5,1,29,3,4,15,0.6744747952580972), NodeObject(172,6,6,1,69,0,6,11,0.34065211918813054))))
((0,35,ListBuffer(NodeObject(35,5,19,1,78,3,4,16,0.16432876881334857), NodeObject(174,1,4,1,49,0,0,19,0.23324970179169102))),(1,314,ListBuffer(NodeObject(314,6,6,1,34,2,5,17,0.10049525112110036), NodeObject(19,6,14,1,86,4,6,15,0.601904169250919))))
((0,35,ListBuffer(NodeObject(35,5,19,1,78,3,4,16,0.16432876881334857), NodeObject(174,1,4,1,49,0,0,19,0.23324970179169102))),(1,152,ListBuffer(NodeObject(152,6,11,1,4,4,1,1,0.5021085179675306), NodeObject(135,5,0,1,54,1,2,11,0.21288993760265318), NodeObject(269,4,8,1,47,3,0,12,0.10818910002183335))))
((0,35,ListBuffer(NodeObject(35,5,19,1,78,3,4,16,0.16432876881334857), NodeObject(174,1,4,1,49,0,0,19,0.23324970179169102))),(1,236,ListBuffer(NodeObject(236,3,9,1,68,4,0,7,0.4852252168974961), NodeObject(130,3,4,1,6,0,5,1,0.7214623539992844), NodeObject(161,6,0,1,21,1,6,19,0.38259536881300105))))
((0,35,ListBuffer(NodeObject(35,5,19,1,78,3,4,16,0.16432876881334857), NodeObject(174,1,4,1,49,0,0,19,0.23324970179169102))),(1,13,ListBuffer(NodeObject(13,4,0,1,98,3,2,5,0.7851478087384753), NodeObject(0,0,10,1,45,2,1,4,0.9652635676061158))))
((0,35,ListBuffer(NodeObject(35,5,19,1,78,3,4,16,0.16432876881334857), NodeObject(174,1,4,1,49,0,0,19,0.23324970179169102))),(1,146,ListBuffer(NodeObject(146,0,5,1,65,1,3,8,0.46471095572884646), NodeObject(187,3,5,1,21,0,3,6,0.8710435988171816), NodeObject(290,4,17,1,41,0,2,7,0.874607839516905))))
((0,35,ListBuffer(NodeObject(35,5,19,1,78,3,4,16,0.16432876881334857), NodeObject(174,1,4,1,49,0,0,19,0.23324970179169102))),(1,70,ListBuffer(NodeObject(70,1,14,1,29,0,4,2,0.7435378664756157), NodeObject(196,6,19,1,60,0,4,15,0.8087333137188104))))
((0,35,ListBuffer(NodeObject(35,5,19,1,78,3,4,16,0.16432876881334857), NodeObject(174,1,4,1,49,0,0,19,0.23324970179169102))),(1,260,ListBuffer(NodeObject(260,1,11,1,18,2,4,3,0.7380331632137932), NodeObject(227,2,14,1,3,3,3,8,0.1222731194974066), NodeObject(139,0,18,1,62,4,1,4,0.8872594675278259))))
((0,35,ListBuffer(NodeObject(35,5,19,1,78,3,4,16,0.16432876881334857), NodeObject(174,1,4,1,49,0,0,19,0.23324970179169102))),(1,272,ListBuffer(NodeObject(272,0,4,1,38,2,0,10,0.24028657113602458), NodeObject(269,4,8,1,47,3,0,12,0.10818910002183335), NodeObject(260,1,11,1,18,2,4,3,0.7380331632137932), NodeObject(293,5,0,1,23,1,4,8,0.4862188054634107))))
((0,35,ListBuffer(NodeObject(35,5,19,1,78,3,4,16,0.16432876881334857), NodeObject(174,1,4,1,49,0,0,19,0.23324970179169102))),(1,191,ListBuffer(NodeObject(191,5,10,1,29,3,4,18,0.8892194837741746), NodeObject(239,3,0,1,24,3,1,0,0.29989015428413324))))
((0,35,ListBuffer(NodeObject(35,5,19,1,78,3,4,16,0.16432876881334857), NodeObject(174,1,4,1,49,0,0,19,0.23324970179169102))),(1,218,ListBuffer(NodeObject(218,1,2,1,98,3,6,0,0.9551921644233462), NodeObject(130,3,4,1,6,0,5,1,0.7214623539992844), NodeObject(141,5,1,1,22,3,2,10,0.3383233214228697))))
((0,35,ListBuffer(NodeObject(35,5,19,1,78,3,4,16,0.16432876881334857), NodeObject(174,1,4,1,49,0,0,19,0.23324970179169102))),(1,201,ListBuffer(NodeObject(201,3,19,1,25,2,3,9,0.9844032842963533), NodeObject(52,2,11,1,0,2,2,7,0.7567168277061059), NodeObject(297,6,7,1,48,3,5,16,0.5444279830474034), NodeObject(283,6,11,1,57,4,4,1,0.5654282558594093), NodeObject(234,5,4,1,94,4,5,13,0.43318750504007675))))
((0,35,ListBuffer(NodeObject(35,5,19,1,78,3,4,16,0.16432876881334857), NodeObject(174,1,4,1,49,0,0,19,0.23324970179169102))),(1,73,ListBuffer(NodeObject(73,2,19,1,59,4,5,18,0.18039645210027477), NodeObject(191,5,10,1,29,3,4,18,0.8892194837741746), NodeObject(194,5,12,1,67,1,4,16,0.3810243198535135), NodeObject(262,5,14,1,17,1,3,19,0.9877226615954543))))
((0,35,ListBuffer(NodeObject(35,5,19,1,78,3,4,16,0.16432876881334857), NodeObject(174,1,4,1,49,0,0,19,0.23324970179169102))),(1,307,ListBuffer(NodeObject(307,1,15,1,28,0,6,3,0.9139427729573508), NodeObject(227,2,14,1,3,3,3,8,0.1222731194974066))))
((0,35,ListBuffer(NodeObject(35,5,19,1,78,3,4,16,0.16432876881334857), NodeObject(174,1,4,1,49,0,0,19,0.23324970179169102))),(1,217,ListBuffer(NodeObject(217,3,0,1,63,3,6,6,0.23115449000564314), NodeObject(9,5,5,1,28,2,4,8,0.712517344928183))))
((0,35,ListBuffer(NodeObject(35,5,19,1,78,3,4,16,0.16432876881334857), NodeObject(174,1,4,1,49,0,0,19,0.23324970179169102))),(1,162,ListBuffer(NodeObject(162,5,8,1,38,0,5,11,0.023752061204163177), NodeObject(134,0,1,1,27,3,0,14,0.3886484741016729), NodeObject(168,2,15,1,6,0,6,17,0.19479528269298385))))
((0,35,ListBuffer(NodeObject(35,5,19,1,78,3,4,16,0.16432876881334857), NodeObject(174,1,4,1,49,0,0,19,0.23324970179169102))),(1,208,ListBuffer(NodeObject(208,3,9,1,31,0,4,18,0.5065194318901116), NodeObject(170,5,14,1,49,1,1,3,0.39543511451234925), NodeObject(224,5,17,1,73,4,1,9,0.004678488672908765))))
((0,35,ListBuffer(NodeObject(35,5,19,1,78,3,4,16,0.16432876881334857), NodeObject(174,1,4,1,49,0,0,19,0.23324970179169102))),(1,161,ListBuffer(NodeObject(161,6,0,1,21,1,6,19,0.38259536881300105), NodeObject(241,2,7,1,30,1,6,16,0.191495094409046), NodeObject(244,0,14,1,89,1,0,16,0.24888657731540142))))
((0,35,ListBuffer(NodeObject(35,5,19,1,78,3,4,16,0.16432876881334857), NodeObject(174,1,4,1,49,0,0,19,0.23324970179169102))),(1,277,ListBuffer(NodeObject(277,1,4,1,19,4,2,18,0.6108483845666646), NodeObject(236,3,9,1,68,4,0,7,0.4852252168974961))))
((0,35,ListBuffer(NodeObject(35,5,19,1,78,3,4,16,0.16432876881334857), NodeObject(174,1,4,1,49,0,0,19,0.23324970179169102))),(1,22,ListBuffer(NodeObject(22,6,19,1,42,0,5,7,0.8865200430781817), NodeObject(268,1,14,1,23,1,3,7,0.9938222881671711), NodeObject(14,0,6,1,72,4,5,12,0.8243460497722671), NodeObject(20,0,16,1,60,4,6,15,0.7050866465889827), NodeObject(183,2,4,1,11,2,6,12,0.9466762815267563), NodeObject(291,1,10,1,41,2,2,5,0.18746850587396668), NodeObject(146,0,5,1,65,1,3,8,0.46471095572884646))))
((0,35,ListBuffer(NodeObject(35,5,19,1,78,3,4,16,0.16432876881334857), NodeObject(174,1,4,1,49,0,0,19,0.23324970179169102))),(1,212,ListBuffer(NodeObject(212,6,0,1,62,3,3,19,0.7794249966890704), NodeObject(121,4,6,1,27,0,0,12,0.510445119516055), NodeObject(62,1,12,1,41,0,35,7,0.7085538616969567))))
((0,35,ListBuffer(NodeObject(35,5,19,1,78,3,4,16,0.16432876881334857), NodeObject(174,1,4,1,49,0,0,19,0.23324970179169102))),(1,294,ListBuffer(NodeObject(294,4,8,1,15,0,2,3,0.7673117278582113), NodeObject(166,3,10,1,70,2,1,7,0.7634851104433601))))
((0,35,ListBuffer(NodeObject(35,5,19,1,78,3,4,16,0.16432876881334857), NodeObject(174,1,4,1,49,0,0,19,0.23324970179169102))),(1,198,ListBuffer(NodeObject(198,2,5,1,38,1,1,6,0.027812712683414897), NodeObject(219,6,2,1,39,0,0,16,0.6413282171902263), NodeObject(233,6,5,1,3,3,5,9,0.4877461406972975), NodeObject(90,1,6,1,86,0,0,8,0.8370929738463833))))
((0,35,ListBuffer(NodeObject(35,5,19,1,78,3,4,16,0.16432876881334857), NodeObject(174,1,4,1,49,0,0,19,0.23324970179169102))),(1,290,ListBuffer(NodeObject(290,4,17,1,41,0,2,7,0.874607839516905), NodeObject(262,5,14,1,17,1,3,19,0.9877226615954543))))
((0,35,ListBuffer(NodeObject(35,5,19,1,78,3,4,16,0.16432876881334857), NodeObject(174,1,4,1,49,0,0,19,0.23324970179169102))),(1,221,ListBuffer(NodeObject(221,2,12,1,51,3,3,5,0.8400369070613284))))
((0,35,ListBuffer(NodeObject(35,5,19,1,78,3,4,16,0.16432876881334857), NodeObject(174,1,4,1,49,0,0,19,0.23324970179169102))),(1,122,ListBuffer(NodeObject(122,6,19,1,94,3,3,17,0.2439855463416427), NodeObject(2,6,3,1,7,2,6,8,0.3428117057751371))))
((0,35,ListBuffer(NodeObject(35,5,19,1,78,3,4,16,0.16432876881334857), NodeObject(174,1,4,1,49,0,0,19,0.23324970179169102))),(1,220,ListBuffer(NodeObject(220,6,10,1,6,3,0,18,0.7196977636705338), NodeObject(175,0,0,1,94,2,6,0,0.7355745706911496), NodeObject(64,3,0,1,37,4,6,9,0.8240421761271907))))
((0,35,ListBuffer(NodeObject(35,5,19,1,78,3,4,16,0.16432876881334857), NodeObject(174,1,4,1,49,0,0,19,0.23324970179169102))),(1,121,ListBuffer(NodeObject(121,4,6,1,27,0,0,12,0.510445119516055), NodeObject(24,4,6,1,64,2,2,6,0.27943707876720436), NodeObject(178,4,17,1,98,1,6,7,0.48030370885711904))))
((0,35,ListBuffer(NodeObject(35,5,19,1,78,3,4,16,0.16432876881334857), NodeObject(174,1,4,1,49,0,0,19,0.23324970179169102))),(1,267,ListBuffer(NodeObject(267,2,10,1,1,4,6,8,0.5374161482288754), NodeObject(61,3,12,1,30,3,3,10,0.49087066243300226))))
((0,35,ListBuffer(NodeObject(35,5,19,1,78,3,4,16,0.16432876881334857), NodeObject(174,1,4,1,49,0,0,19,0.23324970179169102))),(1,188,ListBuffer(NodeObject(188,1,9,1,43,0,3,10,0.5953262628923365), NodeObject(114,3,1,1,65,1,2,10,0.6449897350761622))))
((0,35,ListBuffer(NodeObject(35,5,19,1,78,3,4,16,0.16432876881334857), NodeObject(174,1,4,1,49,0,0,19,0.23324970179169102))),(1,288,ListBuffer(NodeObject(288,3,11,1,16,3,0,1,0.20690479873738865), NodeObject(272,0,4,1,38,2,0,10,0.24028657113602458))))
((0,35,ListBuffer(NodeObject(35,5,19,1,78,3,4,16,0.16432876881334857), NodeObject(174,1,4,1,49,0,0,19,0.23324970179169102))),(1,15,ListBuffer(NodeObject(15,5,10,1,20,0,5,19,0.10051111788266831), NodeObject(288,3,11,1,16,3,0,1,0.20690479873738865), NodeObject(158,0,9,1,15,3,1,18,0.6517704376276471), NodeObject(218,1,2,1,98,3,6,0,0.9551921644233462))))
((0,35,ListBuffer(NodeObject(35,5,19,1,78,3,4,16,0.16432876881334857), NodeObject(174,1,4,1,49,0,0,19,0.23324970179169102))),(1,106,ListBuffer(NodeObject(106,4,8,1,39,2,2,18,0.8841167513680078), NodeObject(231,0,11,1,11,0,6,13,0.05257435045390313), NodeObject(212,6,0,1,62,3,3,19,0.7794249966890704), NodeObject(209,2,11,1,71,2,0,11,0.07288482197290336))))
((0,35,ListBuffer(NodeObject(35,5,19,1,78,3,4,16,0.16432876881334857), NodeObject(174,1,4,1,49,0,0,19,0.23324970179169102))),(1,48,ListBuffer(NodeObject(48,4,6,1,66,3,6,19,0.2333987438682762), NodeObject(257,2,5,1,96,4,4,17,0.9389601528464181), NodeObject(99,2,8,1,30,0,0,17,0.16118271429847897), NodeObject(160,4,5,1,35,4,5,0,0.662338782821706), NodeObject(139,0,18,1,62,4,1,4,0.8872594675278259))))
((0,35,ListBuffer(NodeObject(35,5,19,1,78,3,4,16,0.16432876881334857), NodeObject(174,1,4,1,49,0,0,19,0.23324970179169102))),(1,242,ListBuffer(NodeObject(242,2,7,1,14,3,24,0,0.05536994330202394), NodeObject(277,1,4,1,19,4,2,18,0.6108483845666646))))
((0,35,ListBuffer(NodeObject(35,5,19,1,78,3,4,16,0.16432876881334857), NodeObject(174,1,4,1,49,0,0,19,0.23324970179169102))),(1,251,ListBuffer(NodeObject(251,4,11,1,16,3,6,11,0.22221118363295367), NodeObject(176,0,8,1,55,2,3,2,0.5548406393814161), NodeObject(292,3,4,1,90,4,0,15,0.8540798016064611))))
((0,35,ListBuffer(NodeObject(35,5,19,1,78,3,4,16,0.16432876881334857), NodeObject(174,1,4,1,49,0,0,19,0.23324970179169102))),(1,139,ListBuffer(NodeObject(139,0,18,1,62,4,1,4,0.8872594675278259), NodeObject(221,2,12,1,51,3,3,5,0.8400369070613284), NodeObject(1,2,13,1,3,0,0,12,0.6743744664465373), NodeObject(36,0,11,1,17,4,0,19,0.37586258253301874))))
((0,35,ListBuffer(NodeObject(35,5,19,1,78,3,4,16,0.16432876881334857), NodeObject(174,1,4,1,49,0,0,19,0.23324970179169102))),(1,214,ListBuffer(NodeObject(214,1,9,1,52,3,0,3,0.7456118163692524), NodeObject(253,3,14,1,98,0,6,9,0.14029874829570255), NodeObject(297,6,7,1,48,3,5,16,0.5444279830474034))))
((0,35,ListBuffer(NodeObject(35,5,19,1,78,3,4,16,0.16432876881334857), NodeObject(174,1,4,1,49,0,0,19,0.23324970179169102))),(1,68,ListBuffer(NodeObject(68,4,14,1,97,3,2,2,0.5822322574420571), NodeObject(84,3,19,1,64,0,0,19,0.5949545791665255), NodeObject(32,3,8,1,39,1,4,0,0.6555937261797709), NodeObject(57,4,15,1,80,3,1,11,0.7662240255763835))))
((0,35,ListBuffer(NodeObject(35,5,19,1,78,3,4,16,0.16432876881334857), NodeObject(174,1,4,1,49,0,0,19,0.23324970179169102))),(1,127,ListBuffer(NodeObject(127,2,11,1,74,0,2,11,0.6541811389201564), NodeObject(259,0,19,1,95,1,6,2,0.8024409313708929), NodeObject(221,2,12,1,51,3,3,5,0.8400369070613284), NodeObject(65,1,16,1,8,1,8,7,0.8707392986480599), NodeObject(19,6,14,1,86,4,6,15,0.601904169250919))))
((0,35,ListBuffer(NodeObject(35,5,19,1,78,3,4,16,0.16432876881334857), NodeObject(174,1,4,1,49,0,0,19,0.23324970179169102))),(1,45,ListBuffer(NodeObject(45,4,12,1,44,3,5,19,0.6350901989511605), NodeObject(276,0,12,1,51,1,1,0,0.963745047556596), NodeObject(143,4,7,1,64,3,6,17,0.41993205334358996), NodeObject(249,4,11,1,65,2,6,17,0.8912473300189626), NodeObject(4,4,15,1,53,2,0,12,0.8935470419937055))))
((0,35,ListBuffer(NodeObject(35,5,19,1,78,3,4,16,0.16432876881334857), NodeObject(174,1,4,1,49,0,0,19,0.23324970179169102))),(1,141,ListBuffer(NodeObject(141,5,1,1,22,3,2,10,0.3383233214228697), NodeObject(156,1,6,1,34,0,0,3,0.36477327582258434))))
((0,35,ListBuffer(NodeObject(35,5,19,1,78,3,4,16,0.16432876881334857), NodeObject(174,1,4,1,49,0,0,19,0.23324970179169102))),(1,21,ListBuffer(NodeObject(21,2,14,1,34,2,5,1,0.9445028144032969), NodeObject(252,0,9,1,9,0,2,19,0.3797253212936226))))
((0,35,ListBuffer(NodeObject(35,5,19,1,78,3,4,16,0.16432876881334857), NodeObject(174,1,4,1,49,0,0,19,0.23324970179169102))),(1,243,ListBuffer(NodeObject(243,0,18,1,80,3,0,9,0.25343794789063345), NodeObject(142,6,2,1,57,0,6,12,0.04312412980880198), NodeObject(102,1,4,1,70,0,6,18,0.23952862361111948), NodeObject(1,2,13,1,3,0,0,12,0.6743744664465373))))
((0,35,ListBuffer(NodeObject(35,5,19,1,78,3,4,16,0.16432876881334857), NodeObject(174,1,4,1,49,0,0,19,0.23324970179169102))),(1,111,ListBuffer(NodeObject(111,1,19,1,48,3,3,6,0.12210643794709819), NodeObject(157,5,5,1,86,0,5,12,0.8951459146348227))))
((0,35,ListBuffer(NodeObject(35,5,19,1,78,3,4,16,0.16432876881334857), NodeObject(174,1,4,1,49,0,0,19,0.23324970179169102))),(1,287,ListBuffer(NodeObject(287,4,7,1,18,1,2,5,0.18046639492221184), NodeObject(151,3,5,1,12,4,1,2,0.14394473032215738))))
((0,35,ListBuffer(NodeObject(35,5,19,1,78,3,4,16,0.16432876881334857), NodeObject(174,1,4,1,49,0,0,19,0.23324970179169102))),(1,168,ListBuffer(NodeObject(168,2,15,1,6,0,6,17,0.19479528269298385), NodeObject(25,1,16,1,90,0,1,10,0.1194826707110691), NodeObject(153,3,14,1,40,1,1,13,0.6703780300064571))))
((0,35,ListBuffer(NodeObject(35,5,19,1,78,3,4,16,0.16432876881334857), NodeObject(174,1,4,1,49,0,0,19,0.23324970179169102))),(1,132,ListBuffer(NodeObject(132,0,16,1,99,0,5,1,0.3023265229224614), NodeObject(38,1,16,1,49,2,2,7,0.3934520377650603))))
((0,35,ListBuffer(NodeObject(35,5,19,1,78,3,4,16,0.16432876881334857), NodeObject(174,1,4,1,49,0,0,19,0.23324970179169102))),(1,91,ListBuffer(NodeObject(91,2,15,1,62,1,0,0,0.1975574205869246), NodeObject(36,0,11,1,17,4,0,19,0.37586258253301874), NodeObject(212,6,0,1,62,3,3,19,0.7794249966890704), NodeObject(12,3,8,1,71,0,5,4,0.622351482070857))))
((0,35,ListBuffer(NodeObject(35,5,19,1,78,3,4,16,0.16432876881334857), NodeObject(174,1,4,1,49,0,0,19,0.23324970179169102))),(1,234,ListBuffer(NodeObject(234,5,4,1,94,4,5,13,0.43318750504007675), NodeObject(22,6,19,1,42,0,5,7,0.8865200430781817), NodeObject(18,1,1,1,41,1,4,12,0.45107328224217336))))
((0,35,ListBuffer(NodeObject(35,5,19,1,78,3,4,16,0.16432876881334857), NodeObject(174,1,4,1,49,0,0,19,0.23324970179169102))),(1,14,ListBuffer(NodeObject(14,0,6,1,72,4,5,12,0.8243460497722671), NodeObject(271,3,1,1,13,0,0,15,0.6396613363513571))))
((0,35,ListBuffer(NodeObject(35,5,19,1,78,3,4,16,0.16432876881334857), NodeObject(174,1,4,1,49,0,0,19,0.23324970179169102))),(1,241,ListBuffer(NodeObject(241,2,7,1,30,1,6,16,0.191495094409046), NodeObject(242,2,7,1,14,3,24,0,0.05536994330202394))))
((0,35,ListBuffer(NodeObject(35,5,19,1,78,3,4,16,0.16432876881334857), NodeObject(174,1,4,1,49,0,0,19,0.23324970179169102))),(1,169,ListBuffer(NodeObject(169,0,17,1,53,3,4,16,0.9989123964847972), NodeObject(156,1,6,1,34,0,0,3,0.36477327582258434), NodeObject(3,5,7,1,57,4,5,1,0.8209846309984985), NodeObject(207,2,10,1,2,1,5,5,0.20792816043927387))))
((0,35,ListBuffer(NodeObject(35,5,19,1,78,3,4,16,0.16432876881334857), NodeObject(174,1,4,1,49,0,0,19,0.23324970179169102))),(1,237,ListBuffer(NodeObject(237,0,12,1,67,4,0,5,0.9418556242876609), NodeObject(118,6,3,1,3,2,3,13,0.31835666120649697), NodeObject(268,1,14,1,23,1,3,7,0.9938222881671711))))
((0,35,ListBuffer(NodeObject(35,5,19,1,78,3,4,16,0.16432876881334857), NodeObject(174,1,4,1,49,0,0,19,0.23324970179169102))),(1,302,ListBuffer(NodeObject(302,0,7,1,19,3,6,11,0.7141662750922699), NodeObject(286,5,12,1,41,4,3,11,0.008580588069627915))))
((0,35,ListBuffer(NodeObject(35,5,19,1,78,3,4,16,0.16432876881334857), NodeObject(174,1,4,1,49,0,0,19,0.23324970179169102))),(1,306,ListBuffer(NodeObject(306,3,14,1,42,0,4,0,0.2621049546032508), NodeObject(45,4,12,1,44,3,5,19,0.6350901989511605))))
((0,35,ListBuffer(NodeObject(35,5,19,1,78,3,4,16,0.16432876881334857), NodeObject(174,1,4,1,49,0,0,19,0.23324970179169102))),(1,44,ListBuffer(NodeObject(44,5,10,1,84,0,5,10,0.40020832212385726), NodeObject(138,5,18,1,92,3,0,3,0.7757804385898781), NodeObject(115,2,13,1,79,0,5,5,0.6757717782676228))))
((0,35,ListBuffer(NodeObject(35,5,19,1,78,3,4,16,0.16432876881334857), NodeObject(174,1,4,1,49,0,0,19,0.23324970179169102))),(1,72,ListBuffer(NodeObject(72,0,18,1,67,2,0,5,0.7108135629781689), NodeObject(22,6,19,1,42,0,5,7,0.8865200430781817), NodeObject(171,5,14,1,81,1,0,18,0.3717019892513014))))
((0,35,ListBuffer(NodeObject(35,5,19,1,78,3,4,16,0.16432876881334857), NodeObject(174,1,4,1,49,0,0,19,0.23324970179169102))),(1,12,ListBuffer(NodeObject(12,3,8,1,71,0,5,4,0.622351482070857), NodeObject(101,2,10,1,98,0,4,10,0.6075462708123635))))
((0,35,ListBuffer(NodeObject(35,5,19,1,78,3,4,16,0.16432876881334857), NodeObject(174,1,4,1,49,0,0,19,0.23324970179169102))),(1,274,ListBuffer(NodeObject(274,2,3,1,98,3,2,10,0.631267243212671), NodeObject(13,4,0,1,98,3,2,5,0.7851478087384753))))
((0,35,ListBuffer(NodeObject(35,5,19,1,78,3,4,16,0.16432876881334857), NodeObject(174,1,4,1,49,0,0,19,0.23324970179169102))),(1,172,ListBuffer(NodeObject(172,6,6,1,69,0,6,11,0.34065211918813054), NodeObject(288,3,11,1,16,3,0,1,0.20690479873738865), NodeObject(158,0,9,1,15,3,1,18,0.6517704376276471))))
((0,35,ListBuffer(NodeObject(35,5,19,1,78,3,4,16,0.16432876881334857), NodeObject(174,1,4,1,49,0,0,19,0.23324970179169102))),(1,190,ListBuffer(NodeObject(190,0,13,1,32,2,0,12,0.33089292787026614), NodeObject(101,2,10,1,98,0,4,10,0.6075462708123635))))
((0,35,ListBuffer(NodeObject(35,5,19,1,78,3,4,16,0.16432876881334857), NodeObject(174,1,4,1,49,0,0,19,0.23324970179169102))),(1,34,ListBuffer(NodeObject(34,0,14,1,18,2,17,5,0.3084504498680779), NodeObject(92,4,13,1,40,3,6,9,0.2507647020340842), NodeObject(136,1,11,1,83,3,4,16,0.8938649159539533))))
((0,35,ListBuffer(NodeObject(35,5,19,1,78,3,4,16,0.16432876881334857), NodeObject(174,1,4,1,49,0,0,19,0.23324970179169102))),(1,88,ListBuffer(NodeObject(88,5,17,1,44,2,3,13,0.4424861581677404), NodeObject(123,5,12,1,29,0,1,2,0.9074505916150525))))
((0,35,ListBuffer(NodeObject(35,5,19,1,78,3,4,16,0.16432876881334857), NodeObject(174,1,4,1,49,0,0,19,0.23324970179169102))),(1,166,ListBuffer(NodeObject(166,3,10,1,70,2,1,7,0.7634851104433601), NodeObject(239,3,0,1,24,3,1,0,0.29989015428413324), NodeObject(287,4,7,1,18,1,2,5,0.18046639492221184), NodeObject(153,3,14,1,40,1,1,13,0.6703780300064571))))
((0,35,ListBuffer(NodeObject(35,5,19,1,78,3,4,16,0.16432876881334857), NodeObject(174,1,4,1,49,0,0,19,0.23324970179169102))),(1,289,ListBuffer(NodeObject(289,3,17,1,98,1,4,12,0.4728306860110938), NodeObject(263,1,9,1,25,1,3,18,0.8335904171203421), NodeObject(7,3,11,1,50,3,3,1,0.45139704251563917))))
((0,35,ListBuffer(NodeObject(35,5,19,1,78,3,4,16,0.16432876881334857), NodeObject(174,1,4,1,49,0,0,19,0.23324970179169102))),(1,140,ListBuffer(NodeObject(140,0,14,1,96,4,1,18,0.6536614145618213), NodeObject(69,2,13,1,15,3,4,17,0.2406160682540136), NodeObject(143,4,7,1,64,3,6,17,0.41993205334358996), NodeObject(121,4,6,1,27,0,0,12,0.510445119516055))))
((0,35,ListBuffer(NodeObject(35,5,19,1,78,3,4,16,0.16432876881334857), NodeObject(174,1,4,1,49,0,0,19,0.23324970179169102))),(1,211,ListBuffer(NodeObject(211,5,12,1,81,0,5,9,0.024666488118950447), NodeObject(133,4,8,1,59,4,4,6,0.6396876156766765))))
((0,35,ListBuffer(NodeObject(35,5,19,1,78,3,4,16,0.16432876881334857), NodeObject(174,1,4,1,49,0,0,19,0.23324970179169102))),(1,157,ListBuffer(NodeObject(157,5,5,1,86,0,5,12,0.8951459146348227), NodeObject(219,6,2,1,39,0,0,16,0.6413282171902263), NodeObject(48,4,6,1,66,3,6,19,0.2333987438682762))))
((0,35,ListBuffer(NodeObject(35,5,19,1,78,3,4,16,0.16432876881334857), NodeObject(174,1,4,1,49,0,0,19,0.23324970179169102))),(1,79,ListBuffer(NodeObject(79,0,12,1,64,4,0,16,0.47718162594769054), NodeObject(235,4,7,1,18,2,3,15,0.6324122313178578), NodeObject(205,1,2,1,7,4,2,10,0.2569484494500991))))
((0,35,ListBuffer(NodeObject(35,5,19,1,78,3,4,16,0.16432876881334857), NodeObject(174,1,4,1,49,0,0,19,0.23324970179169102))),(1,311,ListBuffer(NodeObject(311,5,16,1,7,1,3,2,0.8008897203139872), NodeObject(215,4,17,1,82,3,4,19,0.9784497306397085))))
((0,35,ListBuffer(NodeObject(35,5,19,1,78,3,4,16,0.16432876881334857), NodeObject(174,1,4,1,49,0,0,19,0.23324970179169102))),(1,63,ListBuffer(NodeObject(63,2,12,1,3,0,4,10,0.4067089353894199), NodeObject(72,0,18,1,67,2,0,5,0.7108135629781689), NodeObject(123,5,12,1,29,0,1,2,0.9074505916150525), NodeObject(265,6,15,1,36,3,6,16,0.0543107706052266), NodeObject(195,6,5,1,1,1,0,11,0.8851991136692464))))
((0,35,ListBuffer(NodeObject(35,5,19,1,78,3,4,16,0.16432876881334857), NodeObject(174,1,4,1,49,0,0,19,0.23324970179169102))),(1,126,ListBuffer(NodeObject(126,5,17,1,96,4,3,3,0.8022872881405906), NodeObject(188,1,9,1,43,0,3,10,0.5953262628923365))))
((0,35,ListBuffer(NodeObject(35,5,19,1,78,3,4,16,0.16432876881334857), NodeObject(174,1,4,1,49,0,0,19,0.23324970179169102))),(1,186,ListBuffer(NodeObject(186,5,9,1,34,0,5,3,0.2982863215600535), NodeObject(181,1,8,1,88,2,5,10,0.615467179602235), NodeObject(160,4,5,1,35,4,5,0,0.662338782821706), NodeObject(190,0,13,1,32,2,0,12,0.33089292787026614))))
((0,35,ListBuffer(NodeObject(35,5,19,1,78,3,4,16,0.16432876881334857), NodeObject(174,1,4,1,49,0,0,19,0.23324970179169102))),(1,105,ListBuffer(NodeObject(105,0,9,1,22,3,3,4,0.5125597121352857), NodeObject(36,0,11,1,17,4,0,19,0.37586258253301874), NodeObject(190,0,13,1,32,2,0,12,0.33089292787026614))))
((0,35,ListBuffer(NodeObject(35,5,19,1,78,3,4,16,0.16432876881334857), NodeObject(174,1,4,1,49,0,0,19,0.23324970179169102))),(1,123,ListBuffer(NodeObject(123,5,12,1,29,0,1,2,0.9074505916150525), NodeObject(11,6,0,1,34,3,0,18,0.6036584938254841), NodeObject(70,1,14,1,29,0,4,2,0.7435378664756157), NodeObject(203,2,11,1,5,0,3,19,0.8794453712138848))))
((0,35,ListBuffer(NodeObject(35,5,19,1,78,3,4,16,0.16432876881334857), NodeObject(174,1,4,1,49,0,0,19,0.23324970179169102))),(1,250,ListBuffer(NodeObject(250,0,17,1,7,0,7,11,0.1262208137416907), NodeObject(214,1,9,1,52,3,0,3,0.7456118163692524))))
((0,35,ListBuffer(NodeObject(35,5,19,1,78,3,4,16,0.16432876881334857), NodeObject(174,1,4,1,49,0,0,19,0.23324970179169102))),(1,136,ListBuffer(NodeObject(136,1,11,1,83,3,4,16,0.8938649159539533), NodeObject(103,0,12,1,72,1,6,19,0.9198975134450764))))
((0,35,ListBuffer(NodeObject(35,5,19,1,78,3,4,16,0.16432876881334857), NodeObject(174,1,4,1,49,0,0,19,0.23324970179169102))),(1,193,ListBuffer(NodeObject(193,2,5,1,1,0,6,16,0.9723040165952425), NodeObject(206,0,16,1,7,3,6,9,0.22739439182371268), NodeObject(10,0,9,1,7,2,4,15,0.1180881744104385), NodeObject(73,2,19,1,59,4,5,18,0.18039645210027477), NodeObject(209,2,11,1,71,2,0,11,0.07288482197290336))))
((0,35,ListBuffer(NodeObject(35,5,19,1,78,3,4,16,0.16432876881334857), NodeObject(174,1,4,1,49,0,0,19,0.23324970179169102))),(1,210,ListBuffer(NodeObject(210,0,12,1,96,4,2,12,0.09768187785497506), NodeObject(39,1,13,1,93,0,0,9,0.055860053436300294))))
((0,35,ListBuffer(NodeObject(35,5,19,1,78,3,4,16,0.16432876881334857), NodeObject(174,1,4,1,49,0,0,19,0.23324970179169102))),(1,58,ListBuffer(NodeObject(58,2,0,1,81,4,4,10,0.8446669683743516), NodeObject(67,4,10,1,58,0,5,12,0.20364191046587787))))
((0,35,ListBuffer(NodeObject(35,5,19,1,78,3,4,16,0.16432876881334857), NodeObject(174,1,4,1,49,0,0,19,0.23324970179169102))),(1,60,ListBuffer(NodeObject(60,2,15,1,78,3,4,1,0.8160506570039586), NodeObject(14,0,6,1,72,4,5,12,0.8243460497722671))))
((0,35,ListBuffer(NodeObject(35,5,19,1,78,3,4,16,0.16432876881334857), NodeObject(174,1,4,1,49,0,0,19,0.23324970179169102))),(1,232,ListBuffer(NodeObject(232,2,16,1,88,3,69,2,0.09765191959747099), NodeObject(203,2,11,1,5,0,3,19,0.8794453712138848), NodeObject(110,0,17,1,68,0,6,2,0.9798287657694199))))
((0,35,ListBuffer(NodeObject(35,5,19,1,78,3,4,16,0.16432876881334857), NodeObject(174,1,4,1,49,0,0,19,0.23324970179169102))),(1,160,ListBuffer(NodeObject(160,4,5,1,35,4,5,0,0.662338782821706), NodeObject(175,0,0,1,94,2,6,0,0.7355745706911496), NodeObject(97,6,12,1,41,3,0,19,0.39699196785865276), NodeObject(42,2,19,1,45,3,1,10,0.8344630740927553))))
((0,35,ListBuffer(NodeObject(35,5,19,1,78,3,4,16,0.16432876881334857), NodeObject(174,1,4,1,49,0,0,19,0.23324970179169102))),(1,116,ListBuffer(NodeObject(116,1,9,1,62,2,1,14,0.8660776470308593), NodeObject(103,0,12,1,72,1,6,19,0.9198975134450764))))
((0,35,ListBuffer(NodeObject(35,5,19,1,78,3,4,16,0.16432876881334857), NodeObject(174,1,4,1,49,0,0,19,0.23324970179169102))),(1,40,ListBuffer(NodeObject(40,1,0,1,88,4,3,0,0.44793270042676503), NodeObject(26,3,0,1,56,4,3,11,0.24513665009314312), NodeObject(23,2,18,1,69,0,0,12,0.5022451706440895))))
((0,35,ListBuffer(NodeObject(35,5,19,1,78,3,4,16,0.16432876881334857), NodeObject(174,1,4,1,49,0,0,19,0.23324970179169102))),(1,65,ListBuffer(NodeObject(65,1,16,1,8,1,8,7,0.8707392986480599), NodeObject(86,2,8,1,51,4,63,14,0.6759314882555222), NodeObject(283,6,11,1,57,4,4,1,0.5654282558594093))))
((0,35,ListBuffer(NodeObject(35,5,19,1,78,3,4,16,0.16432876881334857), NodeObject(174,1,4,1,49,0,0,19,0.23324970179169102))),(1,2,ListBuffer(NodeObject(2,6,3,1,7,2,6,8,0.3428117057751371), NodeObject(0,0,10,1,45,2,1,4,0.9652635676061158))))
((0,35,ListBuffer(NodeObject(35,5,19,1,78,3,4,16,0.16432876881334857), NodeObject(174,1,4,1,49,0,0,19,0.23324970179169102))),(1,61,ListBuffer(NodeObject(61,3,12,1,30,3,3,10,0.49087066243300226), NodeObject(244,0,14,1,89,1,0,16,0.24888657731540142))))
((0,35,ListBuffer(NodeObject(35,5,19,1,78,3,4,16,0.16432876881334857), NodeObject(174,1,4,1,49,0,0,19,0.23324970179169102))),(1,247,ListBuffer(NodeObject(247,0,7,1,83,4,6,8,0.9971901361658659), NodeObject(104,0,12,1,99,3,3,0,0.021705382348029767))))
((0,35,ListBuffer(NodeObject(35,5,19,1,78,3,4,16,0.16432876881334857), NodeObject(174,1,4,1,49,0,0,19,0.23324970179169102))),(1,271,ListBuffer(NodeObject(271,3,1,1,13,0,0,15,0.6396613363513571), NodeObject(106,4,8,1,39,2,2,18,0.8841167513680078))))
((0,35,ListBuffer(NodeObject(35,5,19,1,78,3,4,16,0.16432876881334857), NodeObject(174,1,4,1,49,0,0,19,0.23324970179169102))),(1,265,ListBuffer(NodeObject(265,6,15,1,36,3,6,16,0.0543107706052266), NodeObject(85,2,17,1,35,1,5,5,0.240185811530488), NodeObject(146,0,5,1,65,1,3,8,0.46471095572884646))))
((0,35,ListBuffer(NodeObject(35,5,19,1,78,3,4,16,0.16432876881334857), NodeObject(174,1,4,1,49,0,0,19,0.23324970179169102))),(1,258,ListBuffer(NodeObject(258,3,12,1,99,1,3,9,0.5513988771447328), NodeObject(216,3,11,1,50,2,4,8,0.9421049031096327))))
((0,35,ListBuffer(NodeObject(35,5,19,1,78,3,4,16,0.16432876881334857), NodeObject(174,1,4,1,49,0,0,19,0.23324970179169102))),(1,42,ListBuffer(NodeObject(42,2,19,1,45,3,1,10,0.8344630740927553), NodeObject(173,6,15,1,89,1,5,17,0.06803723984430288))))
((0,35,ListBuffer(NodeObject(35,5,19,1,78,3,4,16,0.16432876881334857), NodeObject(174,1,4,1,49,0,0,19,0.23324970179169102))),(1,259,ListBuffer(NodeObject(259,0,19,1,95,1,6,2,0.8024409313708929), NodeObject(50,1,7,1,60,3,1,5,0.9353800408206029))))
((0,35,ListBuffer(NodeObject(35,5,19,1,78,3,4,16,0.16432876881334857), NodeObject(174,1,4,1,49,0,0,19,0.23324970179169102))),(1,97,ListBuffer(NodeObject(97,6,12,1,41,3,0,19,0.39699196785865276), NodeObject(281,4,2,1,32,0,1,12,0.2743325433431649), NodeObject(205,1,2,1,7,4,2,10,0.2569484494500991))))
((0,35,ListBuffer(NodeObject(35,5,19,1,78,3,4,16,0.16432876881334857), NodeObject(174,1,4,1,49,0,0,19,0.23324970179169102))),(1,155,ListBuffer(NodeObject(155,5,14,1,30,1,2,3,0.3156684543017638))))
((0,35,ListBuffer(NodeObject(35,5,19,1,78,3,4,16,0.16432876881334857), NodeObject(174,1,4,1,49,0,0,19,0.23324970179169102))),(1,195,ListBuffer(NodeObject(195,6,5,1,1,1,0,11,0.8851991136692464))))
((0,35,ListBuffer(NodeObject(35,5,19,1,78,3,4,16,0.16432876881334857), NodeObject(174,1,4,1,49,0,0,19,0.23324970179169102))),(1,257,ListBuffer(NodeObject(257,2,5,1,96,4,4,17,0.9389601528464181), NodeObject(190,0,13,1,32,2,0,12,0.33089292787026614))))
((0,35,ListBuffer(NodeObject(35,5,19,1,78,3,4,16,0.16432876881334857), NodeObject(174,1,4,1,49,0,0,19,0.23324970179169102))),(1,130,ListBuffer(NodeObject(130,3,4,1,6,0,5,1,0.7214623539992844), NodeObject(101,2,10,1,98,0,4,10,0.6075462708123635), NodeObject(55,6,1,1,57,0,0,19,0.20646382463428714))))
((0,35,ListBuffer(NodeObject(35,5,19,1,78,3,4,16,0.16432876881334857), NodeObject(174,1,4,1,49,0,0,19,0.23324970179169102))),(1,98,ListBuffer(NodeObject(98,4,5,1,82,4,6,7,0.8599375454493634), NodeObject(242,2,7,1,14,3,24,0,0.05536994330202394), NodeObject(177,1,8,1,84,4,6,18,0.44383147496053243))))
((0,35,ListBuffer(NodeObject(35,5,19,1,78,3,4,16,0.16432876881334857), NodeObject(174,1,4,1,49,0,0,19,0.23324970179169102))),(1,181,ListBuffer(NodeObject(181,1,8,1,88,2,5,10,0.615467179602235), NodeObject(247,0,7,1,83,4,6,8,0.9971901361658659), NodeObject(186,5,9,1,34,0,5,3,0.2982863215600535))))
((0,35,ListBuffer(NodeObject(35,5,19,1,78,3,4,16,0.16432876881334857), NodeObject(174,1,4,1,49,0,0,19,0.23324970179169102))),(1,135,ListBuffer(NodeObject(135,5,0,1,54,1,2,11,0.21288993760265318), NodeObject(129,2,5,1,28,0,6,16,0.8854924741002957))))
((0,35,ListBuffer(NodeObject(35,5,19,1,78,3,4,16,0.16432876881334857), NodeObject(174,1,4,1,49,0,0,19,0.23324970179169102))),(1,207,ListBuffer(NodeObject(207,2,10,1,2,1,5,5,0.20792816043927387), NodeObject(166,3,10,1,70,2,1,7,0.7634851104433601), NodeObject(185,3,5,1,2,0,5,3,0.8675849968971744))))
((0,35,ListBuffer(NodeObject(35,5,19,1,78,3,4,16,0.16432876881334857), NodeObject(174,1,4,1,49,0,0,19,0.23324970179169102))),(1,138,ListBuffer(NodeObject(138,5,18,1,92,3,0,3,0.7757804385898781), NodeObject(82,0,8,1,15,1,3,16,0.19875479224017023))))
((0,35,ListBuffer(NodeObject(35,5,19,1,78,3,4,16,0.16432876881334857), NodeObject(174,1,4,1,49,0,0,19,0.23324970179169102))),(1,312,ListBuffer(NodeObject(312,2,17,1,35,2,3,5,0.5991055849331424), NodeObject(82,0,8,1,15,1,3,16,0.19875479224017023))))
((0,35,ListBuffer(NodeObject(35,5,19,1,78,3,4,16,0.16432876881334857), NodeObject(174,1,4,1,49,0,0,19,0.23324970179169102))),(1,204,ListBuffer(NodeObject(204,1,17,1,30,3,2,6,0.9912054880005027), NodeObject(271,3,1,1,13,0,0,15,0.6396613363513571), NodeObject(221,2,12,1,51,3,3,5,0.8400369070613284), NodeObject(152,6,11,1,4,4,1,1,0.5021085179675306))))
((0,35,ListBuffer(NodeObject(35,5,19,1,78,3,4,16,0.16432876881334857), NodeObject(174,1,4,1,49,0,0,19,0.23324970179169102))),(1,55,ListBuffer(NodeObject(55,6,1,1,57,0,0,19,0.20646382463428714), NodeObject(112,4,10,1,17,3,0,3,0.2062621333610587), NodeObject(117,2,18,1,3,1,3,15,0.6080424437636088))))
((0,35,ListBuffer(NodeObject(35,5,19,1,78,3,4,16,0.16432876881334857), NodeObject(174,1,4,1,49,0,0,19,0.23324970179169102))),(1,165,ListBuffer(NodeObject(165,4,7,1,53,0,4,6,0.6502260678172763), NodeObject(89,0,11,1,39,1,1,9,0.6442359221198528), NodeObject(273,1,17,1,3,2,2,14,0.40414581642229064))))
((0,35,ListBuffer(NodeObject(35,5,19,1,78,3,4,16,0.16432876881334857), NodeObject(174,1,4,1,49,0,0,19,0.23324970179169102))),(1,297,ListBuffer(NodeObject(297,6,7,1,48,3,5,16,0.5444279830474034), NodeObject(164,1,8,1,57,0,1,7,0.1030965691926169), NodeObject(198,2,5,1,38,1,1,6,0.027812712683414897), NodeObject(124,1,0,1,0,3,0,3,0.23360191226310767))))
((0,35,ListBuffer(NodeObject(35,5,19,1,78,3,4,16,0.16432876881334857), NodeObject(174,1,4,1,49,0,0,19,0.23324970179169102))),(1,163,ListBuffer(NodeObject(163,0,14,1,5,0,0,3,0.39099184252156294), NodeObject(157,5,5,1,86,0,5,12,0.8951459146348227), NodeObject(177,1,8,1,84,4,6,18,0.44383147496053243))))
((0,35,ListBuffer(NodeObject(35,5,19,1,78,3,4,16,0.16432876881334857), NodeObject(174,1,4,1,49,0,0,19,0.23324970179169102))),(1,213,ListBuffer(NodeObject(213,1,4,1,93,3,6,19,0.5669596066664087), NodeObject(53,2,11,1,8,0,3,19,0.8329536086669855))))
((0,35,ListBuffer(NodeObject(35,5,19,1,78,3,4,16,0.16432876881334857), NodeObject(174,1,4,1,49,0,0,19,0.23324970179169102))),(1,227,ListBuffer(NodeObject(227,2,14,1,3,3,3,8,0.1222731194974066), NodeObject(72,0,18,1,67,2,0,5,0.7108135629781689))))
((0,35,ListBuffer(NodeObject(35,5,19,1,78,3,4,16,0.16432876881334857), NodeObject(174,1,4,1,49,0,0,19,0.23324970179169102))),(1,5,ListBuffer(NodeObject(5,5,15,1,63,0,5,15,0.6192457674838601), NodeObject(89,0,11,1,39,1,1,9,0.6442359221198528))))
((0,35,ListBuffer(NodeObject(35,5,19,1,78,3,4,16,0.16432876881334857), NodeObject(174,1,4,1,49,0,0,19,0.23324970179169102))),(1,282,ListBuffer(NodeObject(282,6,0,1,74,0,0,7,0.7219943139330425), NodeObject(106,4,8,1,39,2,2,18,0.8841167513680078), NodeObject(190,0,13,1,32,2,0,12,0.33089292787026614), NodeObject(86,2,8,1,51,4,63,14,0.6759314882555222), NodeObject(146,0,5,1,65,1,3,8,0.46471095572884646))))
((0,35,ListBuffer(NodeObject(35,5,19,1,78,3,4,16,0.16432876881334857), NodeObject(174,1,4,1,49,0,0,19,0.23324970179169102))),(1,99,ListBuffer(NodeObject(99,2,8,1,30,0,0,17,0.16118271429847897), NodeObject(158,0,9,1,15,3,1,18,0.6517704376276471))))
((0,35,ListBuffer(NodeObject(35,5,19,1,78,3,4,16,0.16432876881334857), NodeObject(174,1,4,1,49,0,0,19,0.23324970179169102))),(1,9,ListBuffer(NodeObject(9,5,5,1,28,2,4,8,0.712517344928183), NodeObject(180,0,13,1,44,1,5,1,0.46188545594069064), NodeObject(290,4,17,1,41,0,2,7,0.874607839516905))))
((0,35,ListBuffer(NodeObject(35,5,19,1,78,3,4,16,0.16432876881334857), NodeObject(174,1,4,1,49,0,0,19,0.23324970179169102))),(1,291,ListBuffer(NodeObject(291,1,10,1,41,2,2,5,0.18746850587396668))))
((0,35,ListBuffer(NodeObject(35,5,19,1,78,3,4,16,0.16432876881334857), NodeObject(174,1,4,1,49,0,0,19,0.23324970179169102))),(1,196,ListBuffer(NodeObject(196,6,19,1,60,0,4,15,0.8087333137188104), NodeObject(299,2,11,1,55,0,4,8,0.004639288266924391))))
((0,35,ListBuffer(NodeObject(35,5,19,1,78,3,4,16,0.16432876881334857), NodeObject(174,1,4,1,49,0,0,19,0.23324970179169102))),(1,49,ListBuffer(NodeObject(49,5,0,1,84,0,6,5,0.8373362092640642), NodeObject(92,4,13,1,40,3,6,9,0.2507647020340842), NodeObject(11,6,0,1,34,3,0,18,0.6036584938254841), NodeObject(151,3,5,1,12,4,1,2,0.14394473032215738))))
((0,35,ListBuffer(NodeObject(35,5,19,1,78,3,4,16,0.16432876881334857), NodeObject(174,1,4,1,49,0,0,19,0.23324970179169102))),(1,67,ListBuffer(NodeObject(67,4,10,1,58,0,5,12,0.20364191046587787), NodeObject(43,6,5,1,81,4,0,5,0.06100827688433319), NodeObject(212,6,0,1,62,3,3,19,0.7794249966890704))))
((0,35,ListBuffer(NodeObject(35,5,19,1,78,3,4,16,0.16432876881334857), NodeObject(174,1,4,1,49,0,0,19,0.23324970179169102))),(1,112,ListBuffer(NodeObject(112,4,10,1,17,3,0,3,0.2062621333610587), NodeObject(197,5,13,1,89,3,5,0,0.7495850031956046), NodeObject(169,0,17,1,53,3,4,16,0.9989123964847972))))
((0,35,ListBuffer(NodeObject(35,5,19,1,78,3,4,16,0.16432876881334857), NodeObject(174,1,4,1,49,0,0,19,0.23324970179169102))),(1,189,ListBuffer(NodeObject(189,5,18,1,8,3,5,8,0.7565141650577041), NodeObject(84,3,19,1,64,0,0,19,0.5949545791665255), NodeObject(283,6,11,1,57,4,4,1,0.5654282558594093), NodeObject(260,1,11,1,18,2,4,3,0.7380331632137932), NodeObject(279,1,6,1,83,0,4,12,0.9615392464812006))))
((0,35,ListBuffer(NodeObject(35,5,19,1,78,3,4,16,0.16432876881334857), NodeObject(174,1,4,1,49,0,0,19,0.23324970179169102))),(1,129,ListBuffer(NodeObject(129,2,5,1,28,0,6,16,0.8854924741002957), NodeObject(181,1,8,1,88,2,5,10,0.615467179602235), NodeObject(183,2,4,1,11,2,6,12,0.9466762815267563), NodeObject(91,2,15,1,62,1,0,0,0.1975574205869246))))
((0,35,ListBuffer(NodeObject(35,5,19,1,78,3,4,16,0.16432876881334857), NodeObject(174,1,4,1,49,0,0,19,0.23324970179169102))),(1,200,ListBuffer(NodeObject(200,1,9,1,0,2,0,18,0.18854902435847798), NodeObject(71,6,1,1,41,4,1,1,0.1435323161874813), NodeObject(237,0,12,1,67,4,0,5,0.9418556242876609), NodeObject(207,2,10,1,2,1,5,5,0.20792816043927387))))
((0,35,ListBuffer(NodeObject(35,5,19,1,78,3,4,16,0.16432876881334857), NodeObject(174,1,4,1,49,0,0,19,0.23324970179169102))),(1,62,ListBuffer(NodeObject(62,1,12,1,41,0,35,7,0.7085538616969567), NodeObject(121,4,6,1,27,0,0,12,0.510445119516055))))
((0,35,ListBuffer(NodeObject(35,5,19,1,78,3,4,16,0.16432876881334857), NodeObject(174,1,4,1,49,0,0,19,0.23324970179169102))),(1,82,ListBuffer(NodeObject(82,0,8,1,15,1,3,16,0.19875479224017023), NodeObject(154,6,2,1,83,1,4,8,0.0029890996680838056))))
((0,35,ListBuffer(NodeObject(35,5,19,1,78,3,4,16,0.16432876881334857), NodeObject(174,1,4,1,49,0,0,19,0.23324970179169102))),(1,264,ListBuffer(NodeObject(264,5,7,1,19,2,4,3,0.612141909365066), NodeObject(5,5,15,1,63,0,5,15,0.6192457674838601))))
((0,35,ListBuffer(NodeObject(35,5,19,1,78,3,4,16,0.16432876881334857), NodeObject(174,1,4,1,49,0,0,19,0.23324970179169102))),(1,131,ListBuffer(NodeObject(131,2,1,1,93,4,6,14,0.23762348691619806), NodeObject(138,5,18,1,92,3,0,3,0.7757804385898781))))
((0,35,ListBuffer(NodeObject(35,5,19,1,78,3,4,16,0.16432876881334857), NodeObject(174,1,4,1,49,0,0,19,0.23324970179169102))),(1,117,ListBuffer(NodeObject(117,2,18,1,3,1,3,15,0.6080424437636088), NodeObject(295,0,2,1,19,2,5,18,0.8864750595918444))))
((0,35,ListBuffer(NodeObject(35,5,19,1,78,3,4,16,0.16432876881334857), NodeObject(174,1,4,1,49,0,0,19,0.23324970179169102))),(1,245,ListBuffer(NodeObject(245,0,9,1,2,0,5,0,0.7156641236074635), NodeObject(103,0,12,1,72,1,6,19,0.9198975134450764), NodeObject(143,4,7,1,64,3,6,17,0.41993205334358996))))
((0,35,ListBuffer(NodeObject(35,5,19,1,78,3,4,16,0.16432876881334857), NodeObject(174,1,4,1,49,0,0,19,0.23324970179169102))),(1,299,ListBuffer(NodeObject(299,2,11,1,55,0,4,8,0.004639288266924391), NodeObject(128,5,5,1,76,4,2,12,0.13310427010485126))))
((0,35,ListBuffer(NodeObject(35,5,19,1,78,3,4,16,0.16432876881334857), NodeObject(174,1,4,1,49,0,0,19,0.23324970179169102))),(1,308,ListBuffer(NodeObject(308,0,18,1,19,4,2,5,0.876180567700286), NodeObject(84,3,19,1,64,0,0,19,0.5949545791665255))))
((0,35,ListBuffer(NodeObject(35,5,19,1,78,3,4,16,0.16432876881334857), NodeObject(174,1,4,1,49,0,0,19,0.23324970179169102))),(1,102,ListBuffer(NodeObject(102,1,4,1,70,0,6,18,0.23952862361111948), NodeObject(219,6,2,1,39,0,0,16,0.6413282171902263))))
((0,35,ListBuffer(NodeObject(35,5,19,1,78,3,4,16,0.16432876881334857), NodeObject(174,1,4,1,49,0,0,19,0.23324970179169102))),(1,219,ListBuffer(NodeObject(219,6,2,1,39,0,0,16,0.6413282171902263), NodeObject(251,4,11,1,16,3,6,11,0.22221118363295367))))
((0,35,ListBuffer(NodeObject(35,5,19,1,78,3,4,16,0.16432876881334857), NodeObject(174,1,4,1,49,0,0,19,0.23324970179169102))),(1,194,ListBuffer(NodeObject(194,5,12,1,67,1,4,16,0.3810243198535135), NodeObject(202,0,8,1,75,0,6,16,0.5374626921506088), NodeObject(62,1,12,1,41,0,35,7,0.7085538616969567))))
((0,35,ListBuffer(NodeObject(35,5,19,1,78,3,4,16,0.16432876881334857), NodeObject(174,1,4,1,49,0,0,19,0.23324970179169102))),(1,231,ListBuffer(NodeObject(231,0,11,1,11,0,6,13,0.05257435045390313), NodeObject(28,6,5,1,14,4,4,7,0.7163457037980081), NodeObject(22,6,19,1,42,0,5,7,0.8865200430781817), NodeObject(249,4,11,1,65,2,6,17,0.8912473300189626))))
((0,35,ListBuffer(NodeObject(35,5,19,1,78,3,4,16,0.16432876881334857), NodeObject(174,1,4,1,49,0,0,19,0.23324970179169102))),(1,95,ListBuffer(NodeObject(95,1,2,1,5,0,0,15,0.46403025417042165), NodeObject(131,2,1,1,93,4,6,14,0.23762348691619806), NodeObject(266,3,0,1,29,1,2,14,0.5339662548672233), NodeObject(93,3,8,1,4,2,7,2,0.35727371478583747), NodeObject(190,0,13,1,32,2,0,12,0.33089292787026614))))
((0,35,ListBuffer(NodeObject(35,5,19,1,78,3,4,16,0.16432876881334857), NodeObject(174,1,4,1,49,0,0,19,0.23324970179169102))),(1,18,ListBuffer(NodeObject(18,1,1,1,41,1,4,12,0.45107328224217336), NodeObject(95,1,2,1,5,0,0,15,0.46403025417042165), NodeObject(178,4,17,1,98,1,6,7,0.48030370885711904), NodeObject(232,2,16,1,88,3,69,2,0.09765191959747099), NodeObject(93,3,8,1,4,2,7,2,0.35727371478583747))))
((0,35,ListBuffer(NodeObject(35,5,19,1,78,3,4,16,0.16432876881334857), NodeObject(174,1,4,1,49,0,0,19,0.23324970179169102))),(1,164,ListBuffer(NodeObject(164,1,8,1,57,0,1,7,0.1030965691926169), NodeObject(288,3,11,1,16,3,0,1,0.20690479873738865), NodeObject(279,1,6,1,83,0,4,12,0.9615392464812006))))
((0,35,ListBuffer(NodeObject(35,5,19,1,78,3,4,16,0.16432876881334857), NodeObject(174,1,4,1,49,0,0,19,0.23324970179169102))),(1,281,ListBuffer(NodeObject(281,4,2,1,32,0,1,12,0.2743325433431649), NodeObject(100,5,9,1,22,3,2,0,0.33180799687858953))))
((0,35,ListBuffer(NodeObject(35,5,19,1,78,3,4,16,0.16432876881334857), NodeObject(174,1,4,1,49,0,0,19,0.23324970179169102))),(1,137,ListBuffer(NodeObject(137,5,2,1,37,0,1,8,0.5435749213026885), NodeObject(175,0,0,1,94,2,6,0,0.7355745706911496), NodeObject(202,0,8,1,75,0,6,16,0.5374626921506088), NodeObject(38,1,16,1,49,2,2,7,0.3934520377650603))))
((0,35,ListBuffer(NodeObject(35,5,19,1,78,3,4,16,0.16432876881334857), NodeObject(174,1,4,1,49,0,0,19,0.23324970179169102))),(1,109,ListBuffer(NodeObject(109,2,17,1,19,0,2,10,0.45300224751789697), NodeObject(56,0,5,1,12,2,0,18,0.4190514618435208))))
((0,35,ListBuffer(NodeObject(35,5,19,1,78,3,4,16,0.16432876881334857), NodeObject(174,1,4,1,49,0,0,19,0.23324970179169102))),(1,286,ListBuffer(NodeObject(286,5,12,1,41,4,3,11,0.008580588069627915), NodeObject(12,3,8,1,71,0,5,4,0.622351482070857))))
((0,35,ListBuffer(NodeObject(35,5,19,1,78,3,4,16,0.16432876881334857), NodeObject(174,1,4,1,49,0,0,19,0.23324970179169102))),(1,144,ListBuffer(NodeObject(144,3,18,1,51,4,6,17,0.8851103141047676), NodeObject(105,0,9,1,22,3,3,4,0.5125597121352857))))
((0,35,ListBuffer(NodeObject(35,5,19,1,78,3,4,16,0.16432876881334857), NodeObject(174,1,4,1,49,0,0,19,0.23324970179169102))),(1,64,ListBuffer(NodeObject(64,3,0,1,37,4,6,9,0.8240421761271907), NodeObject(11,6,0,1,34,3,0,18,0.6036584938254841), NodeObject(266,3,0,1,29,1,2,14,0.5339662548672233))))
((0,35,ListBuffer(NodeObject(35,5,19,1,78,3,4,16,0.16432876881334857), NodeObject(174,1,4,1,49,0,0,19,0.23324970179169102))),(1,103,ListBuffer(NodeObject(103,0,12,1,72,1,6,19,0.9198975134450764), NodeObject(245,0,9,1,2,0,5,0,0.7156641236074635), NodeObject(102,1,4,1,70,0,6,18,0.23952862361111948), NodeObject(151,3,5,1,12,4,1,2,0.14394473032215738))))
((0,35,ListBuffer(NodeObject(35,5,19,1,78,3,4,16,0.16432876881334857), NodeObject(174,1,4,1,49,0,0,19,0.23324970179169102))),(1,174,ListBuffer(NodeObject(174,1,4,1,49,0,0,19,0.23324970179169102), NodeObject(144,3,18,1,51,4,6,17,0.8851103141047676), NodeObject(209,2,11,1,71,2,0,11,0.07288482197290336))))
((0,35,ListBuffer(NodeObject(35,5,19,1,78,3,4,16,0.16432876881334857), NodeObject(174,1,4,1,49,0,0,19,0.23324970179169102))),(1,183,ListBuffer(NodeObject(183,2,4,1,11,2,6,12,0.9466762815267563), NodeObject(37,4,16,1,38,0,6,8,0.49553962582081557), NodeObject(246,2,15,1,91,4,5,8,0.7109324565552134))))
((0,35,ListBuffer(NodeObject(35,5,19,1,78,3,4,16,0.16432876881334857), NodeObject(174,1,4,1,49,0,0,19,0.23324970179169102))),(1,83,ListBuffer(NodeObject(83,5,1,1,52,1,6,15,0.7604253783355336), NodeObject(58,2,0,1,81,4,4,10,0.8446669683743516), NodeObject(216,3,11,1,50,2,4,8,0.9421049031096327))))
((0,35,ListBuffer(NodeObject(35,5,19,1,78,3,4,16,0.16432876881334857), NodeObject(174,1,4,1,49,0,0,19,0.23324970179169102))),(1,96,ListBuffer(NodeObject(96,5,6,1,99,0,4,6,0.5389493173623223), NodeObject(71,6,1,1,41,4,1,1,0.1435323161874813), NodeObject(185,3,5,1,2,0,5,3,0.8675849968971744), NodeObject(213,1,4,1,93,3,6,19,0.5669596066664087))))
((0,35,ListBuffer(NodeObject(35,5,19,1,78,3,4,16,0.16432876881334857), NodeObject(174,1,4,1,49,0,0,19,0.23324970179169102))),(1,19,ListBuffer(NodeObject(19,6,14,1,86,4,6,15,0.601904169250919), NodeObject(129,2,5,1,28,0,6,16,0.8854924741002957), NodeObject(115,2,13,1,79,0,5,5,0.6757717782676228), NodeObject(210,0,12,1,96,4,2,12,0.09768187785497506))))
((0,35,ListBuffer(NodeObject(35,5,19,1,78,3,4,16,0.16432876881334857), NodeObject(174,1,4,1,49,0,0,19,0.23324970179169102))),(1,104,ListBuffer(NodeObject(104,0,12,1,99,3,3,0,0.021705382348029767), NodeObject(61,3,12,1,30,3,3,10,0.49087066243300226), NodeObject(247,0,7,1,83,4,6,8,0.9971901361658659), NodeObject(242,2,7,1,14,3,24,0,0.05536994330202394), NodeObject(197,5,13,1,89,3,5,0,0.7495850031956046), NodeObject(117,2,18,1,3,1,3,15,0.6080424437636088))))
((0,35,ListBuffer(NodeObject(35,5,19,1,78,3,4,16,0.16432876881334857), NodeObject(174,1,4,1,49,0,0,19,0.23324970179169102))),(1,273,ListBuffer(NodeObject(273,1,17,1,3,2,2,14,0.40414581642229064), NodeObject(208,3,9,1,31,0,4,18,0.5065194318901116))))
((0,35,ListBuffer(NodeObject(35,5,19,1,78,3,4,16,0.16432876881334857), NodeObject(174,1,4,1,49,0,0,19,0.23324970179169102))),(1,178,ListBuffer(NodeObject(178,4,17,1,98,1,6,7,0.48030370885711904), NodeObject(62,1,12,1,41,0,35,7,0.7085538616969567))))
((0,35,ListBuffer(NodeObject(35,5,19,1,78,3,4,16,0.16432876881334857), NodeObject(174,1,4,1,49,0,0,19,0.23324970179169102))),(1,202,ListBuffer(NodeObject(202,0,8,1,75,0,6,16,0.5374626921506088))))
((0,35,ListBuffer(NodeObject(35,5,19,1,78,3,4,16,0.16432876881334857), NodeObject(174,1,4,1,49,0,0,19,0.23324970179169102))),(1,253,ListBuffer(NodeObject(253,3,14,1,98,0,6,9,0.14029874829570255), NodeObject(296,2,0,1,17,4,5,17,0.7733073275212841))))
((0,35,ListBuffer(NodeObject(35,5,19,1,78,3,4,16,0.16432876881334857), NodeObject(174,1,4,1,49,0,0,19,0.23324970179169102))),(1,283,ListBuffer(NodeObject(283,6,11,1,57,4,4,1,0.5654282558594093), NodeObject(189,5,18,1,8,3,5,8,0.7565141650577041))))
((0,35,ListBuffer(NodeObject(35,5,19,1,78,3,4,16,0.16432876881334857), NodeObject(174,1,4,1,49,0,0,19,0.23324970179169102))),(1,263,ListBuffer(NodeObject(263,1,9,1,25,1,3,18,0.8335904171203421), NodeObject(164,1,8,1,57,0,1,7,0.1030965691926169))))
((0,35,ListBuffer(NodeObject(35,5,19,1,78,3,4,16,0.16432876881334857), NodeObject(174,1,4,1,49,0,0,19,0.23324970179169102))),(1,238,ListBuffer(NodeObject(238,3,9,1,25,2,3,10,0.4020622328396729), NodeObject(241,2,7,1,30,1,6,16,0.191495094409046))))
((0,35,ListBuffer(NodeObject(35,5,19,1,78,3,4,16,0.16432876881334857), NodeObject(174,1,4,1,49,0,0,19,0.23324970179169102))),(1,89,ListBuffer(NodeObject(89,0,11,1,39,1,1,9,0.6442359221198528), NodeObject(237,0,12,1,67,4,0,5,0.9418556242876609), NodeObject(133,4,8,1,59,4,4,6,0.6396876156766765), NodeObject(96,5,6,1,99,0,4,6,0.5389493173623223), NodeObject(207,2,10,1,2,1,5,5,0.20792816043927387))))
((0,35,ListBuffer(NodeObject(35,5,19,1,78,3,4,16,0.16432876881334857), NodeObject(174,1,4,1,49,0,0,19,0.23324970179169102))),(1,300,ListBuffer(NodeObject(300,3,11,1,63,3,6,17,0.17770270405406186), NodeObject(44,5,10,1,84,0,5,10,0.40020832212385726), NodeObject(205,1,2,1,7,4,2,10,0.2569484494500991))))
((0,35,ListBuffer(NodeObject(35,5,19,1,78,3,4,16,0.16432876881334857), NodeObject(174,1,4,1,49,0,0,19,0.23324970179169102))),(1,149,ListBuffer(NodeObject(149,6,14,1,97,2,3,0,0.8789513210277847), NodeObject(243,0,18,1,80,3,0,9,0.25343794789063345))))
((0,35,ListBuffer(NodeObject(35,5,19,1,78,3,4,16,0.16432876881334857), NodeObject(174,1,4,1,49,0,0,19,0.23324970179169102))),(1,52,ListBuffer(NodeObject(52,2,11,1,0,2,2,7,0.7567168277061059), NodeObject(159,2,5,1,62,1,6,3,0.8023570778570329))))
((0,35,ListBuffer(NodeObject(35,5,19,1,78,3,4,16,0.16432876881334857), NodeObject(174,1,4,1,49,0,0,19,0.23324970179169102))),(1,269,ListBuffer(NodeObject(269,4,8,1,47,3,0,12,0.10818910002183335), NodeObject(265,6,15,1,36,3,6,16,0.0543107706052266), NodeObject(271,3,1,1,13,0,0,15,0.6396613363513571))))
((0,35,ListBuffer(NodeObject(35,5,19,1,78,3,4,16,0.16432876881334857), NodeObject(174,1,4,1,49,0,0,19,0.23324970179169102))),(1,100,ListBuffer(NodeObject(100,5,9,1,22,3,2,0,0.33180799687858953), NodeObject(145,0,15,1,32,1,6,10,0.7930386323206524), NodeObject(39,1,13,1,93,0,0,9,0.055860053436300294), NodeObject(272,0,4,1,38,2,0,10,0.24028657113602458))))
((0,35,ListBuffer(NodeObject(35,5,19,1,78,3,4,16,0.16432876881334857), NodeObject(174,1,4,1,49,0,0,19,0.23324970179169102))),(1,246,ListBuffer(NodeObject(246,2,15,1,91,4,5,8,0.7109324565552134), NodeObject(112,4,10,1,17,3,0,3,0.2062621333610587), NodeObject(97,6,12,1,41,3,0,19,0.39699196785865276), NodeObject(139,0,18,1,62,4,1,4,0.8872594675278259), NodeObject(157,5,5,1,86,0,5,12,0.8951459146348227))))
((0,35,ListBuffer(NodeObject(35,5,19,1,78,3,4,16,0.16432876881334857), NodeObject(174,1,4,1,49,0,0,19,0.23324970179169102))),(1,276,ListBuffer(NodeObject(276,0,12,1,51,1,1,0,0.963745047556596), NodeObject(163,0,14,1,5,0,0,3,0.39099184252156294))))
((0,35,ListBuffer(NodeObject(35,5,19,1,78,3,4,16,0.16432876881334857), NodeObject(174,1,4,1,49,0,0,19,0.23324970179169102))),(1,142,ListBuffer(NodeObject(142,6,2,1,57,0,6,12,0.04312412980880198), NodeObject(107,5,16,1,45,4,5,5,0.4023886687304321), NodeObject(62,1,12,1,41,0,35,7,0.7085538616969567))))
((0,35,ListBuffer(NodeObject(35,5,19,1,78,3,4,16,0.16432876881334857), NodeObject(174,1,4,1,49,0,0,19,0.23324970179169102))),(1,313,ListBuffer(NodeObject(313,0,13,1,83,1,6,14,0.8498866381942412), NodeObject(91,2,15,1,62,1,0,0,0.1975574205869246))))
((0,35,ListBuffer(NodeObject(35,5,19,1,78,3,4,16,0.16432876881334857), NodeObject(174,1,4,1,49,0,0,19,0.23324970179169102))),(1,119,ListBuffer(NodeObject(119,5,13,1,18,2,5,8,0.2749356666742152), NodeObject(264,5,7,1,19,2,4,3,0.612141909365066), NodeObject(64,3,0,1,37,4,6,9,0.8240421761271907), NodeObject(98,4,5,1,82,4,6,7,0.8599375454493634))))
((0,35,ListBuffer(NodeObject(35,5,19,1,78,3,4,16,0.16432876881334857), NodeObject(174,1,4,1,49,0,0,19,0.23324970179169102))),(1,255,ListBuffer(NodeObject(255,2,11,1,86,2,4,16,0.6496819984950584), NodeObject(189,5,18,1,8,3,5,8,0.7565141650577041), NodeObject(240,5,19,1,54,2,5,18,0.8776017346359588), NodeObject(120,2,10,1,99,4,5,3,0.6433629506671606), NodeObject(210,0,12,1,96,4,2,12,0.09768187785497506))))
((0,35,ListBuffer(NodeObject(35,5,19,1,78,3,4,16,0.16432876881334857), NodeObject(174,1,4,1,49,0,0,19,0.23324970179169102))),(1,222,ListBuffer(NodeObject(222,0,8,1,23,4,4,13,0.21781224702318847), NodeObject(135,5,0,1,54,1,2,11,0.21288993760265318))))
((0,35,ListBuffer(NodeObject(35,5,19,1,78,3,4,16,0.16432876881334857), NodeObject(174,1,4,1,49,0,0,19,0.23324970179169102))),(1,292,ListBuffer(NodeObject(292,3,4,1,90,4,0,15,0.8540798016064611), NodeObject(89,0,11,1,39,1,1,9,0.6442359221198528))))
((0,35,ListBuffer(NodeObject(35,5,19,1,78,3,4,16,0.16432876881334857), NodeObject(174,1,4,1,49,0,0,19,0.23324970179169102))),(1,26,ListBuffer(NodeObject(26,3,0,1,56,4,3,11,0.24513665009314312), NodeObject(195,6,5,1,1,1,0,11,0.8851991136692464), NodeObject(178,4,17,1,98,1,6,7,0.48030370885711904))))
((0,35,ListBuffer(NodeObject(35,5,19,1,78,3,4,16,0.16432876881334857), NodeObject(174,1,4,1,49,0,0,19,0.23324970179169102))),(1,256,ListBuffer(NodeObject(256,0,1,1,15,2,1,1,0.6188718639928813), NodeObject(140,0,14,1,96,4,1,18,0.6536614145618213))))
((0,35,ListBuffer(NodeObject(35,5,19,1,78,3,4,16,0.16432876881334857), NodeObject(174,1,4,1,49,0,0,19,0.23324970179169102))),(1,24,ListBuffer(NodeObject(24,4,6,1,64,2,2,6,0.27943707876720436), NodeObject(25,1,16,1,90,0,1,10,0.1194826707110691), NodeObject(126,5,17,1,96,4,3,3,0.8022872881405906))))
((0,35,ListBuffer(NodeObject(35,5,19,1,78,3,4,16,0.16432876881334857), NodeObject(174,1,4,1,49,0,0,19,0.23324970179169102))),(1,7,ListBuffer(NodeObject(7,3,11,1,50,3,3,1,0.45139704251563917), NodeObject(215,4,17,1,82,3,4,19,0.9784497306397085), NodeObject(161,6,0,1,21,1,6,19,0.38259536881300105))))
((0,35,ListBuffer(NodeObject(35,5,19,1,78,3,4,16,0.16432876881334857), NodeObject(174,1,4,1,49,0,0,19,0.23324970179169102))),(1,113,ListBuffer(NodeObject(113,3,15,1,69,4,2,10,0.13632418900813015), NodeObject(38,1,16,1,49,2,2,7,0.3934520377650603), NodeObject(272,0,4,1,38,2,0,10,0.24028657113602458), NodeObject(200,1,9,1,0,2,0,18,0.18854902435847798), NodeObject(137,5,2,1,37,0,1,8,0.5435749213026885))))
((0,35,ListBuffer(NodeObject(35,5,19,1,78,3,4,16,0.16432876881334857), NodeObject(174,1,4,1,49,0,0,19,0.23324970179169102))),(1,23,ListBuffer(NodeObject(23,2,18,1,69,0,0,12,0.5022451706440895), NodeObject(48,4,6,1,66,3,6,19,0.2333987438682762), NodeObject(237,0,12,1,67,4,0,5,0.9418556242876609))))
((0,35,ListBuffer(NodeObject(35,5,19,1,78,3,4,16,0.16432876881334857), NodeObject(174,1,4,1,49,0,0,19,0.23324970179169102))),(1,92,ListBuffer(NodeObject(92,4,13,1,40,3,6,9,0.2507647020340842), NodeObject(219,6,2,1,39,0,0,16,0.6413282171902263), NodeObject(212,6,0,1,62,3,3,19,0.7794249966890704))))
((0,35,ListBuffer(NodeObject(35,5,19,1,78,3,4,16,0.16432876881334857), NodeObject(174,1,4,1,49,0,0,19,0.23324970179169102))),(1,37,ListBuffer(NodeObject(37,4,16,1,38,0,6,8,0.49553962582081557), NodeObject(220,6,10,1,6,3,0,18,0.7196977636705338), NodeObject(84,3,19,1,64,0,0,19,0.5949545791665255), NodeObject(82,0,8,1,15,1,3,16,0.19875479224017023), NodeObject(151,3,5,1,12,4,1,2,0.14394473032215738))))
((0,35,ListBuffer(NodeObject(35,5,19,1,78,3,4,16,0.16432876881334857), NodeObject(174,1,4,1,49,0,0,19,0.23324970179169102))),(1,46,ListBuffer(NodeObject(46,2,3,1,32,3,2,11,0.6922427437136504), NodeObject(165,4,7,1,53,0,4,6,0.6502260678172763))))
((0,35,ListBuffer(NodeObject(35,5,19,1,78,3,4,16,0.16432876881334857), NodeObject(174,1,4,1,49,0,0,19,0.23324970179169102))),(1,76,ListBuffer(NodeObject(76,2,11,1,79,1,4,4,0.31130365097418844), NodeObject(1,2,13,1,3,0,0,12,0.6743744664465373), NodeObject(18,1,1,1,41,1,4,12,0.45107328224217336))))
((0,35,ListBuffer(NodeObject(35,5,19,1,78,3,4,16,0.16432876881334857), NodeObject(174,1,4,1,49,0,0,19,0.23324970179169102))),(1,296,ListBuffer(NodeObject(296,2,0,1,17,4,5,17,0.7733073275212841), NodeObject(27,6,2,1,43,3,4,6,0.7866804301410842), NodeObject(248,0,5,1,97,2,3,8,0.44338656123542797))))
((0,35,ListBuffer(NodeObject(35,5,19,1,78,3,4,16,0.16432876881334857), NodeObject(174,1,4,1,49,0,0,19,0.23324970179169102))),(1,38,ListBuffer(NodeObject(38,1,16,1,49,2,2,7,0.3934520377650603), NodeObject(270,2,3,1,56,4,0,17,0.7027490741968846), NodeObject(39,1,13,1,93,0,0,9,0.055860053436300294), NodeObject(29,6,12,1,90,3,3,9,0.8913685595241124))))
((0,35,ListBuffer(NodeObject(35,5,19,1,78,3,4,16,0.16432876881334857), NodeObject(174,1,4,1,49,0,0,19,0.23324970179169102))),(1,206,ListBuffer(NodeObject(206,0,16,1,7,3,6,9,0.22739439182371268), NodeObject(237,0,12,1,67,4,0,5,0.9418556242876609), NodeObject(199,0,1,1,3,4,6,5,0.6648451812236946))))
((0,35,ListBuffer(NodeObject(35,5,19,1,78,3,4,16,0.16432876881334857), NodeObject(174,1,4,1,49,0,0,19,0.23324970179169102))),(1,177,ListBuffer(NodeObject(177,1,8,1,84,4,6,18,0.44383147496053243), NodeObject(51,0,14,1,95,3,4,15,0.34125637778973505), NodeObject(7,3,11,1,50,3,3,1,0.45139704251563917))))
((0,35,ListBuffer(NodeObject(35,5,19,1,78,3,4,16,0.16432876881334857), NodeObject(174,1,4,1,49,0,0,19,0.23324970179169102))),(1,150,ListBuffer(NodeObject(150,6,2,1,66,3,4,17,0.33274516471532356), NodeObject(13,4,0,1,98,3,2,5,0.7851478087384753))))
((0,35,ListBuffer(NodeObject(35,5,19,1,78,3,4,16,0.16432876881334857), NodeObject(174,1,4,1,49,0,0,19,0.23324970179169102))),(1,205,ListBuffer(NodeObject(205,1,2,1,7,4,2,10,0.2569484494500991), NodeObject(75,1,15,1,41,4,0,0,0.7585057510063866))))
((0,35,ListBuffer(NodeObject(35,5,19,1,78,3,4,16,0.16432876881334857), NodeObject(174,1,4,1,49,0,0,19,0.23324970179169102))),(1,284,ListBuffer(NodeObject(284,0,8,1,90,3,4,8,0.6046590899577076), NodeObject(101,2,10,1,98,0,4,10,0.6075462708123635), NodeObject(235,4,7,1,18,2,3,15,0.6324122313178578), NodeObject(293,5,0,1,23,1,4,8,0.4862188054634107), NodeObject(213,1,4,1,93,3,6,19,0.5669596066664087), NodeObject(12,3,8,1,71,0,5,4,0.622351482070857))))
((0,35,ListBuffer(NodeObject(35,5,19,1,78,3,4,16,0.16432876881334857), NodeObject(174,1,4,1,49,0,0,19,0.23324970179169102))),(1,199,ListBuffer(NodeObject(199,0,1,1,3,4,6,5,0.6648451812236946), NodeObject(19,6,14,1,86,4,6,15,0.601904169250919), NodeObject(137,5,2,1,37,0,1,8,0.5435749213026885), NodeObject(283,6,11,1,57,4,4,1,0.5654282558594093))))
((0,35,ListBuffer(NodeObject(35,5,19,1,78,3,4,16,0.16432876881334857), NodeObject(174,1,4,1,49,0,0,19,0.23324970179169102))),(1,57,ListBuffer(NodeObject(57,4,15,1,80,3,1,11,0.7662240255763835), NodeObject(68,4,14,1,97,3,2,2,0.5822322574420571))))
((0,35,ListBuffer(NodeObject(35,5,19,1,78,3,4,16,0.16432876881334857), NodeObject(174,1,4,1,49,0,0,19,0.23324970179169102))),(1,25,ListBuffer(NodeObject(25,1,16,1,90,0,1,10,0.1194826707110691), NodeObject(237,0,12,1,67,4,0,5,0.9418556242876609), NodeObject(276,0,12,1,51,1,1,0,0.963745047556596))))
((0,35,ListBuffer(NodeObject(35,5,19,1,78,3,4,16,0.16432876881334857), NodeObject(174,1,4,1,49,0,0,19,0.23324970179169102))),(1,254,ListBuffer(NodeObject(254,4,10,1,87,2,6,8,0.367727195182906), NodeObject(233,6,5,1,3,3,5,9,0.4877461406972975), NodeObject(133,4,8,1,59,4,4,6,0.6396876156766765))))
((0,35,ListBuffer(NodeObject(35,5,19,1,78,3,4,16,0.16432876881334857), NodeObject(174,1,4,1,49,0,0,19,0.23324970179169102))),(1,145,ListBuffer(NodeObject(145,0,15,1,32,1,6,10,0.7930386323206524))))
((0,35,ListBuffer(NodeObject(35,5,19,1,78,3,4,16,0.16432876881334857), NodeObject(174,1,4,1,49,0,0,19,0.23324970179169102))),(1,93,ListBuffer(NodeObject(93,3,8,1,4,2,7,2,0.35727371478583747), NodeObject(265,6,15,1,36,3,6,16,0.0543107706052266), NodeObject(137,5,2,1,37,0,1,8,0.5435749213026885))))
((0,35,ListBuffer(NodeObject(35,5,19,1,78,3,4,16,0.16432876881334857), NodeObject(174,1,4,1,49,0,0,19,0.23324970179169102))),(1,90,ListBuffer(NodeObject(90,1,6,1,86,0,0,8,0.8370929738463833), NodeObject(239,3,0,1,24,3,1,0,0.29989015428413324))))
((0,35,ListBuffer(NodeObject(35,5,19,1,78,3,4,16,0.16432876881334857), NodeObject(174,1,4,1,49,0,0,19,0.23324970179169102))),(1,268,ListBuffer(NodeObject(268,1,14,1,23,1,3,7,0.9938222881671711), NodeObject(47,0,5,1,56,1,3,4,0.7995452658076826))))
((0,35,ListBuffer(NodeObject(35,5,19,1,78,3,4,16,0.16432876881334857), NodeObject(174,1,4,1,49,0,0,19,0.23324970179169102))),(1,295,ListBuffer(NodeObject(295,0,2,1,19,2,5,18,0.8864750595918444), NodeObject(239,3,0,1,24,3,1,0,0.29989015428413324), NodeObject(103,0,12,1,72,1,6,19,0.9198975134450764), NodeObject(248,0,5,1,97,2,3,8,0.44338656123542797))))
((0,35,ListBuffer(NodeObject(35,5,19,1,78,3,4,16,0.16432876881334857), NodeObject(174,1,4,1,49,0,0,19,0.23324970179169102))),(1,175,ListBuffer(NodeObject(175,0,0,1,94,2,6,0,0.7355745706911496), NodeObject(15,5,10,1,20,0,5,19,0.10051111788266831), NodeObject(7,3,11,1,50,3,3,1,0.45139704251563917))))
((0,35,ListBuffer(NodeObject(35,5,19,1,78,3,4,16,0.16432876881334857), NodeObject(174,1,4,1,49,0,0,19,0.23324970179169102))),(1,185,ListBuffer(NodeObject(185,3,5,1,2,0,5,3,0.8675849968971744), NodeObject(144,3,18,1,51,4,6,17,0.8851103141047676), NodeObject(235,4,7,1,18,2,3,15,0.6324122313178578), NodeObject(91,2,15,1,62,1,0,0,0.1975574205869246))))
((0,35,ListBuffer(NodeObject(35,5,19,1,78,3,4,16,0.16432876881334857), NodeObject(174,1,4,1,49,0,0,19,0.23324970179169102))),(1,158,ListBuffer(NodeObject(158,0,9,1,15,3,1,18,0.6517704376276471), NodeObject(264,5,7,1,19,2,4,3,0.612141909365066))))
((0,35,ListBuffer(NodeObject(35,5,19,1,78,3,4,16,0.16432876881334857), NodeObject(174,1,4,1,49,0,0,19,0.23324970179169102))),(1,35,ListBuffer(NodeObject(35,5,19,1,78,3,4,16,0.16432876881334857), NodeObject(174,1,4,1,49,0,0,19,0.23324970179169102))))
((0,35,ListBuffer(NodeObject(35,5,19,1,78,3,4,16,0.16432876881334857), NodeObject(174,1,4,1,49,0,0,19,0.23324970179169102))),(1,87,ListBuffer(NodeObject(87,0,15,1,47,3,0,9,0.5424007515360942), NodeObject(278,4,7,1,4,4,3,15,0.7514548918736694))))
((0,35,ListBuffer(NodeObject(35,5,19,1,78,3,4,16,0.16432876881334857), NodeObject(174,1,4,1,49,0,0,19,0.23324970179169102))),(1,36,ListBuffer(NodeObject(36,0,11,1,17,4,0,19,0.37586258253301874), NodeObject(219,6,2,1,39,0,0,16,0.6413282171902263), NodeObject(212,6,0,1,62,3,3,19,0.7794249966890704))))
((0,35,ListBuffer(NodeObject(35,5,19,1,78,3,4,16,0.16432876881334857), NodeObject(174,1,4,1,49,0,0,19,0.23324970179169102))),(1,240,ListBuffer(NodeObject(240,5,19,1,54,2,5,18,0.8776017346359588), NodeObject(245,0,9,1,2,0,5,0,0.7156641236074635))))
((0,35,ListBuffer(NodeObject(35,5,19,1,78,3,4,16,0.16432876881334857), NodeObject(174,1,4,1,49,0,0,19,0.23324970179169102))),(1,0,ListBuffer(NodeObject(0,0,10,1,45,2,1,4,0.9652635676061158))))
((0,35,ListBuffer(NodeObject(35,5,19,1,78,3,4,16,0.16432876881334857), NodeObject(174,1,4,1,49,0,0,19,0.23324970179169102))),(1,74,ListBuffer(NodeObject(74,1,19,1,92,0,0,15,0.5505297687219662), NodeObject(84,3,19,1,64,0,0,19,0.5949545791665255))))
((0,35,ListBuffer(NodeObject(35,5,19,1,78,3,4,16,0.16432876881334857), NodeObject(174,1,4,1,49,0,0,19,0.23324970179169102))),(1,43,ListBuffer(NodeObject(43,6,5,1,81,4,0,5,0.06100827688433319), NodeObject(141,5,1,1,22,3,2,10,0.3383233214228697), NodeObject(86,2,8,1,51,4,63,14,0.6759314882555222))))
((0,35,ListBuffer(NodeObject(35,5,19,1,78,3,4,16,0.16432876881334857), NodeObject(174,1,4,1,49,0,0,19,0.23324970179169102))),(1,285,ListBuffer(NodeObject(285,3,7,1,5,0,3,14,0.6877580102352367), NodeObject(204,1,17,1,30,3,2,6,0.9912054880005027))))
((0,35,ListBuffer(NodeObject(35,5,19,1,78,3,4,16,0.16432876881334857), NodeObject(174,1,4,1,49,0,0,19,0.23324970179169102))),(1,173,ListBuffer(NodeObject(173,6,15,1,89,1,5,17,0.06803723984430288), NodeObject(202,0,8,1,75,0,6,16,0.5374626921506088), NodeObject(275,1,2,1,91,0,4,3,0.8136429855489183), NodeObject(10,0,9,1,7,2,4,15,0.1180881744104385), NodeObject(42,2,19,1,45,3,1,10,0.8344630740927553), NodeObject(102,1,4,1,70,0,6,18,0.23952862361111948))))
((0,35,ListBuffer(NodeObject(35,5,19,1,78,3,4,16,0.16432876881334857), NodeObject(174,1,4,1,49,0,0,19,0.23324970179169102))),(1,148,ListBuffer(NodeObject(148,5,15,1,32,3,0,3,0.6369535283124794), NodeObject(70,1,14,1,29,0,4,2,0.7435378664756157), NodeObject(159,2,5,1,62,1,6,3,0.8023570778570329))))
((0,35,ListBuffer(NodeObject(35,5,19,1,78,3,4,16,0.16432876881334857), NodeObject(174,1,4,1,49,0,0,19,0.23324970179169102))),(1,249,ListBuffer(NodeObject(249,4,11,1,65,2,6,17,0.8912473300189626), NodeObject(186,5,9,1,34,0,5,3,0.2982863215600535))))
((0,35,ListBuffer(NodeObject(35,5,19,1,78,3,4,16,0.16432876881334857), NodeObject(174,1,4,1,49,0,0,19,0.23324970179169102))),(1,85,ListBuffer(NodeObject(85,2,17,1,35,1,5,5,0.240185811530488), NodeObject(48,4,6,1,66,3,6,19,0.2333987438682762), NodeObject(36,0,11,1,17,4,0,19,0.37586258253301874))))
((0,35,ListBuffer(NodeObject(35,5,19,1,78,3,4,16,0.16432876881334857), NodeObject(174,1,4,1,49,0,0,19,0.23324970179169102))),(1,101,ListBuffer(NodeObject(101,2,10,1,98,0,4,10,0.6075462708123635), NodeObject(17,3,4,1,40,4,1,15,0.9333303782597655))))
((0,35,ListBuffer(NodeObject(35,5,19,1,78,3,4,16,0.16432876881334857), NodeObject(174,1,4,1,49,0,0,19,0.23324970179169102))),(1,203,ListBuffer(NodeObject(203,2,11,1,5,0,3,19,0.8794453712138848), NodeObject(182,3,18,1,19,0,0,8,0.9812554382396235), NodeObject(66,4,12,1,26,4,4,18,0.6972051130081246), NodeObject(139,0,18,1,62,4,1,4,0.8872594675278259))))
((0,35,ListBuffer(NodeObject(35,5,19,1,78,3,4,16,0.16432876881334857), NodeObject(174,1,4,1,49,0,0,19,0.23324970179169102))),(1,84,ListBuffer(NodeObject(84,3,19,1,64,0,0,19,0.5949545791665255), NodeObject(96,5,6,1,99,0,4,6,0.5389493173623223))))
((0,35,ListBuffer(NodeObject(35,5,19,1,78,3,4,16,0.16432876881334857), NodeObject(174,1,4,1,49,0,0,19,0.23324970179169102))),(1,170,ListBuffer(NodeObject(170,5,14,1,49,1,1,3,0.39543511451234925), NodeObject(162,5,8,1,38,0,5,11,0.023752061204163177), NodeObject(2,6,3,1,7,2,6,8,0.3428117057751371))))
((0,35,ListBuffer(NodeObject(35,5,19,1,78,3,4,16,0.16432876881334857), NodeObject(174,1,4,1,49,0,0,19,0.23324970179169102))),(1,154,ListBuffer(NodeObject(154,6,2,1,83,1,4,8,0.0029890996680838056), NodeObject(39,1,13,1,93,0,0,9,0.055860053436300294))))
((0,35,ListBuffer(NodeObject(35,5,19,1,78,3,4,16,0.16432876881334857), NodeObject(174,1,4,1,49,0,0,19,0.23324970179169102))),(1,171,ListBuffer(NodeObject(171,5,14,1,81,1,0,18,0.3717019892513014), NodeObject(94,1,18,1,25,0,4,0,0.634393864355721))))
((0,35,ListBuffer(NodeObject(35,5,19,1,78,3,4,16,0.16432876881334857), NodeObject(174,1,4,1,49,0,0,19,0.23324970179169102))),(1,3,ListBuffer(NodeObject(3,5,7,1,57,4,5,1,0.8209846309984985), NodeObject(10,0,9,1,7,2,4,15,0.1180881744104385), NodeObject(60,2,15,1,78,3,4,1,0.8160506570039586))))
((0,35,ListBuffer(NodeObject(35,5,19,1,78,3,4,16,0.16432876881334857), NodeObject(174,1,4,1,49,0,0,19,0.23324970179169102))),(1,53,ListBuffer(NodeObject(53,2,11,1,8,0,3,19,0.8329536086669855), NodeObject(166,3,10,1,70,2,1,7,0.7634851104433601), NodeObject(201,3,19,1,25,2,3,9,0.9844032842963533), NodeObject(283,6,11,1,57,4,4,1,0.5654282558594093))))
((0,35,ListBuffer(NodeObject(35,5,19,1,78,3,4,16,0.16432876881334857), NodeObject(174,1,4,1,49,0,0,19,0.23324970179169102))),(1,179,ListBuffer(NodeObject(179,5,16,1,49,3,6,7,0.3233315229118606))))
((0,35,ListBuffer(NodeObject(35,5,19,1,78,3,4,16,0.16432876881334857), NodeObject(174,1,4,1,49,0,0,19,0.23324970179169102))),(1,197,ListBuffer(NodeObject(197,5,13,1,89,3,5,0,0.7495850031956046), NodeObject(260,1,11,1,18,2,4,3,0.7380331632137932), NodeObject(125,3,15,1,0,1,0,14,0.9581822851556454))))
((0,35,ListBuffer(NodeObject(35,5,19,1,78,3,4,16,0.16432876881334857), NodeObject(174,1,4,1,49,0,0,19,0.23324970179169102))),(1,304,ListBuffer(NodeObject(304,5,2,1,87,1,6,3,0.8475537521024276), NodeObject(241,2,7,1,30,1,6,16,0.191495094409046))))
((0,35,ListBuffer(NodeObject(35,5,19,1,78,3,4,16,0.16432876881334857), NodeObject(174,1,4,1,49,0,0,19,0.23324970179169102))),(1,27,ListBuffer(NodeObject(27,6,2,1,43,3,4,6,0.7866804301410842), NodeObject(168,2,15,1,6,0,6,17,0.19479528269298385), NodeObject(295,0,2,1,19,2,5,18,0.8864750595918444))))
((0,35,ListBuffer(NodeObject(35,5,19,1,78,3,4,16,0.16432876881334857), NodeObject(174,1,4,1,49,0,0,19,0.23324970179169102))),(1,118,ListBuffer(NodeObject(118,6,3,1,3,2,3,13,0.31835666120649697), NodeObject(38,1,16,1,49,2,2,7,0.3934520377650603), NodeObject(226,6,1,1,2,4,3,4,0.6088026835367063), NodeObject(236,3,9,1,68,4,0,7,0.4852252168974961))))
((0,35,ListBuffer(NodeObject(35,5,19,1,78,3,4,16,0.16432876881334857), NodeObject(174,1,4,1,49,0,0,19,0.23324970179169102))),(1,4,ListBuffer(NodeObject(4,4,15,1,53,2,0,12,0.8935470419937055), NodeObject(200,1,9,1,0,2,0,18,0.18854902435847798), NodeObject(286,5,12,1,41,4,3,11,0.008580588069627915))))
((0,35,ListBuffer(NodeObject(35,5,19,1,78,3,4,16,0.16432876881334857), NodeObject(174,1,4,1,49,0,0,19,0.23324970179169102))),(1,33,ListBuffer(NodeObject(33,0,15,1,82,4,4,18,0.1495223003519336))))
((0,35,ListBuffer(NodeObject(35,5,19,1,78,3,4,16,0.16432876881334857), NodeObject(174,1,4,1,49,0,0,19,0.23324970179169102))),(1,151,ListBuffer(NodeObject(151,3,5,1,12,4,1,2,0.14394473032215738), NodeObject(79,0,12,1,64,4,0,16,0.47718162594769054))))
((0,35,ListBuffer(NodeObject(35,5,19,1,78,3,4,16,0.16432876881334857), NodeObject(174,1,4,1,49,0,0,19,0.23324970179169102))),(1,233,ListBuffer(NodeObject(233,6,5,1,3,3,5,9,0.4877461406972975), NodeObject(153,3,14,1,40,1,1,13,0.6703780300064571), NodeObject(133,4,8,1,59,4,4,6,0.6396876156766765))))
((0,35,ListBuffer(NodeObject(35,5,19,1,78,3,4,16,0.16432876881334857), NodeObject(174,1,4,1,49,0,0,19,0.23324970179169102))),(1,31,ListBuffer(NodeObject(31,3,4,1,74,4,2,5,0.08470506811725265), NodeObject(287,4,7,1,18,1,2,5,0.18046639492221184), NodeObject(146,0,5,1,65,1,3,8,0.46471095572884646))))
((0,35,ListBuffer(NodeObject(35,5,19,1,78,3,4,16,0.16432876881334857), NodeObject(174,1,4,1,49,0,0,19,0.23324970179169102))),(1,153,ListBuffer(NodeObject(153,3,14,1,40,1,1,13,0.6703780300064571), NodeObject(295,0,2,1,19,2,5,18,0.8864750595918444), NodeObject(191,5,10,1,29,3,4,18,0.8892194837741746))))
((0,35,ListBuffer(NodeObject(35,5,19,1,78,3,4,16,0.16432876881334857), NodeObject(174,1,4,1,49,0,0,19,0.23324970179169102))),(1,215,ListBuffer(NodeObject(215,4,17,1,82,3,4,19,0.9784497306397085), NodeObject(275,1,2,1,91,0,4,3,0.8136429855489183))))
((0,35,ListBuffer(NodeObject(35,5,19,1,78,3,4,16,0.16432876881334857), NodeObject(174,1,4,1,49,0,0,19,0.23324970179169102))),(1,114,ListBuffer(NodeObject(114,3,1,1,65,1,2,10,0.6449897350761622), NodeObject(64,3,0,1,37,4,6,9,0.8240421761271907))))
((0,35,ListBuffer(NodeObject(35,5,19,1,78,3,4,16,0.16432876881334857), NodeObject(174,1,4,1,49,0,0,19,0.23324970179169102))),(1,252,ListBuffer(NodeObject(252,0,9,1,9,0,2,19,0.3797253212936226), NodeObject(150,6,2,1,66,3,4,17,0.33274516471532356), NodeObject(222,0,8,1,23,4,4,13,0.21781224702318847))))
((0,35,ListBuffer(NodeObject(35,5,19,1,78,3,4,16,0.16432876881334857), NodeObject(174,1,4,1,49,0,0,19,0.23324970179169102))),(1,279,ListBuffer(NodeObject(279,1,6,1,83,0,4,12,0.9615392464812006), NodeObject(288,3,11,1,16,3,0,1,0.20690479873738865), NodeObject(280,1,7,1,21,3,6,10,0.16202006706380923))))
((0,35,ListBuffer(NodeObject(35,5,19,1,78,3,4,16,0.16432876881334857), NodeObject(174,1,4,1,49,0,0,19,0.23324970179169102))),(1,235,ListBuffer(NodeObject(235,4,7,1,18,2,3,15,0.6324122313178578), NodeObject(250,0,17,1,7,0,7,11,0.1262208137416907), NodeObject(36,0,11,1,17,4,0,19,0.37586258253301874), NodeObject(294,4,8,1,15,0,2,3,0.7673117278582113))))
((0,35,ListBuffer(NodeObject(35,5,19,1,78,3,4,16,0.16432876881334857), NodeObject(174,1,4,1,49,0,0,19,0.23324970179169102))),(1,51,ListBuffer(NodeObject(51,0,14,1,95,3,4,15,0.34125637778973505), NodeObject(95,1,2,1,5,0,0,15,0.46403025417042165))))
((0,35,ListBuffer(NodeObject(35,5,19,1,78,3,4,16,0.16432876881334857), NodeObject(174,1,4,1,49,0,0,19,0.23324970179169102))),(1,303,ListBuffer(NodeObject(303,0,11,1,70,3,1,8,0.5520431224050747), NodeObject(256,0,1,1,15,2,1,1,0.6188718639928813))))
((0,35,ListBuffer(NodeObject(35,5,19,1,78,3,4,16,0.16432876881334857), NodeObject(174,1,4,1,49,0,0,19,0.23324970179169102))),(1,59,ListBuffer(NodeObject(59,4,16,1,43,2,3,9,0.057396720565835224), NodeObject(104,0,12,1,99,3,3,0,0.021705382348029767))))